5039.9
1180.2
1053.1
1007.3
987.7
983.3
982.9
993.7
981.9
978.5
976.2
977.8
974.9
969.7
972.8
976.5
972.7
968.4
972.9
977.8
970.8
973.2
981.8
978.4
979.5
973.2
977.7
974.1
962.4
967.4
967.1
970.1
967.9
969.2
971.1
965.7
966.9
965.8
968.4
965.4
967.4
968.8
963.8
967.9
966.8
966.3
964.4
966.4
968.8
967.3
965.2
970.3
963.1
974.7
970.1
958.0
968.2
976.9
976.3
965.5
966.8
964.8
967.1
969.2
966.3
963.5
969.7
966.9
963.7
968.4
970.0
964.3
968.6
967.6
966.3
959.0
964.2
968.4
970.8
968.5
970.0
968.1
967.8
964.2
964.8
966.4
973.2
965.7
961.1
971.3
965.7
973.4
973.9
970.1
965.1
964.8
969.1
961.8
964.2
960.7
961.7
960.8
966.2
964.6
969.1
970.2
965.6
965.8
961.5
958.6
966.7
970.8
969.6
965.1
963.3
962.1
961.8
957.0
973.3
967.2
961.7
974.7
971.5
975.2
971.5
973.9
965.3
966.6
966.2
963.9
965.6
967.5
967.2
962.3
968.3
959.0
968.3
965.9
965.2
966.2
966.6
963.1
965.8
965.4
968.8
962.1
965.4
962.6
965.2
955.4
970.4
962.6
975.6
973.1
972.4
974.1
977.9
972.2
964.1
966.9
966.3
962.9
969.0
967.5
962.9
963.9
962.6
959.3
970.3
963.7
968.4
967.9
965.9
961.1
967.9
969.0
973.5
966.6
967.3
962.8
967.5
969.8
967.2
967.3
962.6
964.2
976.8
967.0
971.6
973.3
963.8
965.5
965.4
967.2
966.2
966.3
964.8
968.6
962.8
966.9
964.0
963.4
965.0
962.6
966.7
965.4
964.5
967.1
964.4
964.9
963.7
967.1
965.9
965.3
969.7
969.3
962.5
969.5
970.9
975.4
971.7
976.7
967.6
965.5
967.5
971.0
962.3
965.4
962.7
958.6
965.3
970.3
967.8
960.3
967.1
962.3
968.1
967.0
964.4
963.4
965.0
968.7
964.1
962.7
965.7
964.3
970.6
978.6
964.5
966.8
968.7
974.9
970.5
970.3
963.6
965.5
965.4
964.1
964.5
963.0
963.1
958.9
961.3
964.6
961.0
962.9
966.8
962.5
963.1
954.8
962.3
961.8
965.3
962.3
964.0
963.3
957.9
954.8
952.7
957.3
963.9
962.6
955.3
956.8
955.3
955.3
956.6
954.8
956.7
955.0
954.7
962.3
956.9
954.0
957.9
966.1
962.1
952.7
956.1
956.8