198212.6
3233.7
2864.6
2830.7
2834.3
2721.3
2707.5
2806.7
2764.2
2728.7
2687.7
2806.9
2695.8
2677.7
2717.3
2664.3
2653.6
2662.4
2708.4
2684.1
2655.7
2669.8
2789.7
2685.3
2673.9
2722.7
2773.5
2751.8
2718.7
2725.8
2698.2
2749.9
2662.7
2706.1
2745.4
2674.1
2697.5
2694.6
2675.8
2687.5
2699.4
2663.9
2742.1
2732.8
2730.8
2754.4
2892.0
2692.7
2793.1
2753.0
2862.2
2770.9
2740.6
2780.4
2685.5
2810.0
2786.6
2744.7
2772.8
2683.6
2688.6
2692.5
2804.5
2777.3
2747.3
2674.3
2695.1
2675.3
2683.4
2715.6
2794.5
2764.9
2693.4
2704.6
2676.7
2660.3
2702.2
2762.6
2762.8
2745.2
2764.5
2806.7
2764.0
2709.2
2742.3
2741.6
2762.1
2727.5
2764.2
2754.7
2781.2
2672.7
2693.7
2690.8
2665.0
2758.7
2708.7
2776.4
2739.4
2762.6
2692.2
2767.3
2757.3
2788.5
2762.6
2733.9
2778.3
2723.5
2759.7
2783.1
2745.4
2719.6
2757.1
2763.0
2737.5
2681.3
2713.7
2791.2
2770.7
2748.5
2756.4
2733.5
2687.0
2673.6
2667.4
2838.1
2716.3
2709.6
2773.8
2797.6
2704.9
2676.0
2718.2
2693.7
2723.2
2759.9
2771.9
2730.8
2732.0
2792.4
2695.6
2739.7
2784.3
2718.4
2749.4
2678.9
2696.8
2711.1
2689.8
2759.2
2809.5
2699.6
2757.1
2711.8
2712.0
2711.5
2771.4
2729.7
2784.5
2754.0
2727.7
2742.3
2750.2
2693.2
2687.7
2723.9
2703.2
2674.8
2679.8
2697.2
2767.3
2769.2
2732.5
2721.5
2726.3
2745.6
2806.9
2711.3
2755.6
2740.9
4599.8
2786.9
2760.2
2805.7
2696.8
2758.3
2703.9
2699.1
2683.2
2697.7
2792.6
2756.6
2729.2
2778.3
2737.3
2693.2
2699.9
2674.8
2726.6
2723.5
2754.7
2792.8
2726.3
2762.8
2737.3
2812.1
2705.3
2663.4
2762.1
2723.5
2725.8
2668.6
2745.4
2776.6
2659.6
2747.5
2782.8
2724.2
2707.0
2728.5
2783.1
2781.6
2685.5
2716.3
2740.1
2761.1
2770.4
4211.7
2723.7
2694.4
2762.1
2773.0
2760.9
2749.4
2774.2
2917.5
2704.6
2816.9
2713.0
2710.3
2701.5
2794.0
2699.1
2704.1
2770.4
2771.4
2706.3
2704.4
2754.0
2764.2
2782.1
2701.8
2778.1
2728.2
2735.4
2716.1
2732.8
2702.0
2706.5
2790.2
2757.8
2758.7
2733.0
2836.2
2762.8
2723.5
2716.8
2813.1
2687.2
2717.7
2752.1
2766.6
2737.3
2684.1
4353.8
2742.5
2685.8
2765.7
2737.5
2782.6
2752.1
2758.7
2705.6
2778.8
2729.7
2708.0
2714.9
2735.6
2803.8
2769.5
2677.7
2779.0
2735.6
2712.2
2710.3
2778.1
2760.9
2710.6
2679.6
2739.7