5707250.8
1584.3
1421.2
1392.6
1362.6
1352.1
1358.5
1358.3
1350.9
1341.6
1340.2
1349.7
1357.8
1344.4
1343.5
1352.8
1338.5
1344.9
1344.2
1339.4
1342.5
1343.3
1337.8
1346.3
1337.5
1326.6
1341.1
1347.3
1334.9
1332.8
1329.7
1326.6
1329.2
1326.3
1326.8
1335.9
1343.0
1340.9
1336.8
1328.2
1335.1
1326.8
1336.8
1341.3
1333.0
1327.3
1336.6
1378.8
1347.5
1345.9
1333.5
1328.7
1333.7
1337.1
1338.0
1337.1
1343.3
1344.2
1344.2
1330.9
1325.6
1336.1
1338.5
1328.9
1338.0
1332.0
1333.2
1342.5
1325.8
1320.1
1334.4
1339.7
1328.2
1338.0
1326.6
1334.2
1351.6
1329.4
1326.3
1337.3
1338.0
1333.0
1323.9
1326.1
1344.2
1338.5
1329.7
1332.0
1342.8
1333.5
1322.5
1328.9
1320.6
1317.3
1328.5
1354.2
1331.8
1326.8
1342.3
1340.4
1328.9
1327.5
1331.6
1333.5
1329.9
1335.6
1325.1
1324.2
1338.2
1331.1
1327.3
1324.4
1319.9
1324.4
1325.1
1327.3
1328.5
1334.0
1326.8
1329.7
1333.7
1338.2
1329.9
1326.3
1325.8
1321.1
1334.7
1331.6
1334.2
1328.0
1328.7
1325.8
1327.5
1325.6
1331.8
1325.6
1324.7
1325.6
1327.3
1332.8
1326.1
1332.0
1341.8
1360.2
1343.0
1338.5
1341.8
1340.2
1333.2
1326.3
1338.5
1377.3
1349.9
1342.5
1331.6
1329.2
1349.4
1339.0
1327.5
1338.5
1341.1
1329.9
1337.8
1323.9
1322.0
1335.4
1331.3
1331.6
1335.4
1333.5
1332.8
1338.2
1326.1
1348.7
1346.6
1331.3
1341.8
1351.1
1340.4
1334.0
1342.1
1329.4
1328.7
1328.5
1324.7
1326.3
1328.7
1335.4
1332.0
1327.8
1321.8
1333.7
1327.3
1325.4
1321.6
1335.1
1333.7
1325.4
1343.5
1326.1
1322.5
1333.5
1328.7
1328.9
1325.8
1324.9
1315.1
1334.4
1323.9
1323.2
1347.1
1337.3
1328.0
1325.1
1317.3
1327.3
1336.8
1327.8
1320.4
1332.3
1326.6
1318.9
1335.1
1322.5
1326.1
1340.6
1326.8
1323.2
1335.6
1324.9
1320.6
1332.5
1334.4
1327.8
1335.6
1322.3
1335.1
1339.0
1339.2
1335.1
1338.5
1325.8
1325.6
1343.5
1331.8
1324.7
1335.1
1331.1
1343.5
1330.1
1331.1
1327.3
1318.0
1321.8
1321.3
1328.9
1332.3
1323.2
1334.7
1319.9
1325.4
1343.7
1333.0
1320.6
1348.0
1327.3
1327.3
1326.6
1323.0
1320.1
1342.1
1321.6
1320.6
1328.2
1322.7
1324.7
1341.3
1320.1
1313.2
1339.0
1335.1
1325.6
1334.7
1326.8
1317.5
1331.3
1442.0
1352.1
1339.4
1333.0
1331.3
1328.0
1322.5
1334.9
1327.3
1326.6
1328.0
1333.5
1331.8
1330.9