195028.5
3165.0
2818.3
2787.1
2783.1
2755.9
2745.2
2658.4
2647.9
2708.7
2693.7
2750.4
2732.3
2726.1
2710.3
2706.3
2709.9
2715.3
2703.9
2659.8
2649.3
2707.0
2674.8
2691.0
2738.2
2743.7
2744.4
2657.9
2661.5
2691.5
2731.3
2717.5
2734.9
2668.4
2661.2
2650.3
2654.1
2707.7
2737.8
2716.1
2691.7
2698.4
2667.9
2665.8
2662.2
2672.9
2890.8
2729.4
2750.4
2732.3
2716.1
2726.1
2666.2
2660.3
2635.7
2648.8
2649.3
2628.1
2648.1
2724.6
2735.9
2740.1
2682.2
2651.5
2651.0
2625.5
2602.6
2702.2
2707.7
2648.6
2694.6
2697.2
2660.5
2652.6
2655.0
2728.0
2719.9
2752.1
2663.1
2661.7
2676.5
2654.8
2673.1
2830.3
2666.5
2689.6
2786.4
2727.5
2680.8
2757.5
2731.6
2737.8
2730.6
2657.4
2719.2
2735.6
2688.9
2731.8
2713.2
2672.0
2683.2
2712.2
2722.0
2719.9
2705.1
2720.6
2642.2
2720.8
2734.2
2728.5
2708.2
2686.5
2679.8
2705.6
2632.9
2669.3
2684.8
2730.6
2730.1
2657.4
2636.0
2656.7
2661.5
2730.1
2653.8
2636.0
2650.3
2717.5
2659.1
2632.9
2761.1
2687.2
2656.2
2648.4
2672.9
2643.6
2625.9
2730.1
2728.2
2718.7
2645.7
2733.0
2654.3
2706.8
2751.8
2660.8
2690.1
2748.5
2746.1
2681.0
2627.1
2727.5
2673.9
2682.7
2935.6
2747.3
2690.8
2728.0
2656.0
2691.7
2658.1
2700.6
2733.9
2742.5
2742.8
2719.4
2656.2
2665.5
2643.8
2641.4
2697.7
2637.9
2695.3
2681.0
2719.9
2671.2
2647.9
2651.9
2812.4
2702.5
2735.6
2671.2
2674.1
2676.7
2728.9
2747.5
2634.0
2667.2
2690.8
2649.1
2705.3
2736.8
2667.7
2680.5
2651.2
2685.8
2683.6
2662.7
2667.0
2636.7
2657.9
2706.3
2723.2
2728.0
2717.3
2667.7
2640.5
2722.7
2725.1
2692.0
2638.8
2706.8
2666.2
2679.3
2650.5
2698.2
2696.3
2638.6
2704.9
2668.6
2690.8
2619.3
2691.7
2719.2
2684.8
2806.4
2723.0
2670.3
2633.3
2676.2
2679.6
2619.3
2689.8
2684.1
2723.5
2735.4
2661.5
2703.4
2749.7
2753.0
2742.8
2729.7
2689.8
2715.8
2753.7
2713.2
2671.5
2684.1
2639.1
2650.5
2647.2
2684.6
2700.1
2743.7
2693.4
2652.9
2648.1
2667.2
2649.8
2722.5
2738.0
2682.7
2742.3
2738.0
2729.2
2713.4
2686.0
2665.3
2650.3
2665.3
2702.5
2736.6
2744.2
2743.7
2702.0
2702.5
2703.0
2702.2
2678.2
2669.3
2675.8
2750.9
2653.8
2693.9
2729.9
2733.0
2670.5
2643.8
2717.5
2729.9
2655.5
2641.4
2743.7
2648.6
2708.2
2646.9
2788.8
2696.8
2666.2
2669.3