1869476.6
1791.5
1504.4
1383.1
1363.0
1352.8
1373.5
1353.7
1352.3
1334.4
1347.5
1356.8
1337.1
1323.9
1356.4
1343.7
1332.0
1345.9
1327.8
1332.5
1339.2
1326.6
1324.7
1341.6
1335.6
1330.6
1328.5
1347.8
1332.0
1331.3
1328.5
1337.3
1330.4
1326.8
1319.4
1326.3
1326.1
1322.5
1323.2
1319.6
1338.5
1333.0
1324.4
1317.7
1334.0
1321.1
1317.3
1330.4
1325.4
1329.4
1339.4
1324.9
1319.2
1330.4
1326.6
1321.3
1332.8
1326.8
1323.5
1337.3
1327.0
1322.3
1336.6
1326.8
1315.4
1330.1
1317.7
1323.9
1332.5
1323.7
1316.5
1329.9
1315.6
1323.2
1336.1
1319.9
1322.0
1342.1
1327.0
1327.8
1325.8
1313.9
1319.4
1333.0
1317.0
1319.4
1328.7
1333.7
1322.0
1329.7
1319.2
1324.9
1337.1
1321.6
1316.8
1335.1
1328.2
1323.7
1331.3
1348.3
1328.7
1337.5
1325.8
1327.8
1330.6
1331.6
1323.5
1326.3
1317.0
1316.8
1337.5
1321.8
1315.4
1331.6
1313.9
1318.5
1329.4
1328.2
1319.2
1320.8
1346.6
1330.1
1341.1
1324.9
1322.0
1341.1
1323.5
1318.9
1325.1
1328.7
1326.1
1325.1
1322.3
1316.5
1318.7
1350.4
1331.1
1324.7
1320.8
1330.1
1329.2
1327.0
1321.6
1321.8
1330.1
1322.3
1319.2
1329.9
1315.6
1330.9
1328.0
1324.9
1310.8
1329.7
1325.8
1324.9
1332.0
1321.1
1328.0
1330.1
1322.3
1322.3
1338.0
1318.7
1314.4
1329.2
1312.3
1312.5
1325.8
1326.6
1322.5
1334.2
1319.2
1320.4
1328.0
1317.5
1323.9
1341.8
1321.1
1334.0
1333.5
1323.0
1336.8
1335.6
1318.7
1321.8
1334.4
1324.4
1318.7
1327.0
1317.3
1318.7
1334.0
1321.8
1328.0
1341.6
1327.5
1324.7
1332.5
1317.5
1315.6
1339.7
1324.7
1320.4
1326.6
1321.3
1315.8
1319.6
1322.3
1316.3
1320.1
1317.5
1318.7
1319.2
1332.3
1315.8
1321.1
1331.3
1330.1
1319.6
1331.3
1327.0
1333.7
1344.7
1325.1
1311.1
1327.3
1330.6
1323.2
1330.6
1330.6
1323.9
1330.4
1319.4
1314.6
1340.6
1325.8
1320.4
1328.2
1317.7
1319.2
1345.9
1321.6
1321.1
1328.7
1329.9
1327.0
1337.3
1314.9
1311.1
1322.5
1323.0
1317.0
1331.3
1317.0
1312.0
1322.0
1321.1
1319.6
1328.5
1313.4
1329.2
1326.3
1317.3
1323.2
1317.7
1319.2
1322.5
1314.4
1322.0
1315.8
1316.5
1320.4
1323.7
1327.8
1322.7
1317.5
1316.1
1331.3
1318.5
1318.7
1320.8
1325.1
1322.0
1325.4
1318.2
1310.1
1316.5
1324.2
1318.0
1327.8
1314.6
1311.8
1314.2
1321.6
1319.4
1312.7
1314.9
1313.2
1320.1