198222.9
3271.3
2885.1
2806.9
2820.0
2777.6
2795.2
2781.4
2810.2
2732.8
2702.5
2738.0
2764.2
2742.8
2719.6
2760.6
2712.2
2739.4
2739.7
2763.5
2786.2
2710.8
2700.8
2722.5
2750.9
2762.8
2784.3
2723.5
2748.5
2774.0
2718.9
2697.5
2688.9
2669.1
2694.8
2729.4
2753.5
2750.6
2774.0
2769.2
2696.5
2670.5
2659.6
2691.0
2722.7
2858.2
2945.7
2795.2
2768.3
2735.9
2725.1
2769.7
2754.7
2769.9
2736.8
2690.3
2681.5
2736.8
2695.1
2680.5
2766.4
2673.9
2740.9
2763.3
2678.6
2745.6
2682.9
2700.1
2749.9
2775.4
2706.5
2691.5
2657.7
2753.7
2694.4
2685.1
2670.5
2710.6
2757.1
2776.1
2804.5
2720.6
2823.4
2740.4
2692.0
2662.2
2682.0
2694.6
2712.7
2751.6
2772.6
2715.6
2763.0
2784.3
2691.0
2752.8
2767.6
2774.2
2692.0
2721.8
2760.4
2713.4
2732.8
2716.5
2764.2
2775.7
2758.0
2776.4
2766.1
2766.1
2743.2
2711.1
2780.2
2692.0
2666.2
2864.8
2764.0
2787.8
2724.6
2751.4
2797.4
2710.1
2682.0
2704.9
2742.5
2787.1
2752.3
2777.8
2701.0
2777.1
2774.2
2767.6
2785.4
2699.1
2706.1
2773.8
2755.6
2747.8
2757.3
2756.1
2751.6
2746.8
2742.5
2717.5
2752.5
2723.5
2747.8
2769.5
2753.0
2729.4
2774.2
2697.7
2689.8
2673.1
2714.6
2811.0
2711.8
2668.6
2669.6
2687.5
2682.2
2733.9
2762.6
2722.0
2762.8
2688.6
2704.4
2713.7
2768.0
2766.8
2749.2
2724.9
2792.6
2701.3
2712.7
2690.6
2718.4
2781.6
2762.3
2731.3
2681.0
2782.8
2673.6
2705.6
2768.5
2793.3
2719.6
2730.1
2748.3
2694.4
2688.9
2766.4
2722.3
2766.8
2702.5
2682.0
2753.0
2759.9
2755.9
2686.3
2676.5
2747.1
2711.1
2668.9
2691.7
2682.0
2704.1
2745.4
2757.3
2778.8
2683.9
2678.9
2690.8
2760.4
2734.7
2697.9
2780.9
2707.0
2715.6
2755.4
2749.7
2765.4
2694.1
2756.1
2752.3
2683.2
2697.7
2689.4
2694.8
2819.8
2713.9
2687.0
2748.7
2762.3
2764.2
2699.9
2671.5
2658.6
2721.3
2767.3
2719.2
2734.7
2751.8
2754.7
2749.4
2695.3
2733.5
2768.5
2704.9
2674.1
2769.7
2788.1
2711.8
2683.4
2673.9
2677.0
2667.2
2718.2
2744.0
2706.8
2741.6
2742.3
2738.0
2691.7
2675.8
2785.7
2733.2
2709.2
2682.2
2749.7
2769.9
2705.6
2686.7
2677.9
2693.4
2693.9
2686.0
2721.3
2734.2
2769.5
2757.5
2729.9
2700.6
2721.5
2776.6
2726.6
2678.6
2693.9
2723.2
2770.9
2768.3
2708.4
2737.0
2697.0
2690.6
2718.2
2778.5
2689.6
2698.9
2783.5