5716008.9
1612.7
1428.8
1402.6
1371.9
1357.1
1374.7
1353.7
1346.6
1450.5
1365.7
1365.9
1350.9
1347.1
1356.1
1355.4
1346.1
1348.5
1338.5
1361.1
1351.1
1344.4
1351.1
1340.6
1359.2
1353.7
1347.3
1358.7
1359.2
1340.9
1338.2
1347.5
1347.5
1345.2
1348.0
1335.6
1334.2
1349.9
1338.7
1331.6
1334.7
1346.8
1333.2
1334.4
1332.3
1346.3
1342.8
1336.3
1342.1
1338.0
1348.5
1349.0
1344.0
1332.5
1345.9
1343.0
1337.3
1349.9
1336.8
1338.0
1342.5
1332.8
1334.7
1343.7
1342.3
1338.0
1345.9
1341.3
1347.3
1331.8
1334.4
1329.2
1342.5
1336.3
1332.5
1339.9
1326.8
1352.5
1339.2
1337.8
1354.7
1346.1
1339.4
1343.7
1337.1
1356.1
1350.9
1340.4
1347.8
1340.6
1335.4
1337.1
1342.8
1337.3
1340.9
1357.3
1342.3
1341.8
1336.3
1339.0
1339.9
1341.1
1335.1
1354.0
1342.5
1337.1
1342.3
1336.1
1346.3
1350.9
1335.4
1332.0
1344.0
1350.4
1339.9
1347.5
1337.5
1334.4
1349.4
1335.6
1346.3
1364.0
1342.8
1349.7
1336.6
1339.4
1347.3
1341.8
1336.8
1339.7
1346.6
1337.1
1345.6
1340.6
1331.3
1340.2
1334.4
1338.7
1345.2
1330.6
1329.9
1348.5
1334.7
1330.9
1346.6
1334.0
1334.7
1344.0
1332.3
1343.3
1351.8
1337.5
1337.5
1346.1
1333.5
1339.2
1343.3
1341.3
1351.4
1343.7
1335.4
1342.3
1337.8
1343.0
1349.4
1335.9
1339.9
1352.1
1337.8
1336.8
1346.3
1348.7
1340.4
1351.8
1336.1
1347.5
1351.6
1337.3
1334.4
1345.2
1346.8
1341.8
1343.7
1329.7
1333.5
1336.8
1332.0
1333.2
1334.4
1326.3
1331.3
1332.3
1331.1
1332.0
1333.7
1334.4
1333.5
1331.8
1343.3
1341.3
1327.3
1347.5
1348.0
1337.3
1332.3
1337.1
1337.5
1336.1
1350.4
1333.7
1331.6
1338.0
1350.2
1344.4
1346.6
1332.5
1329.2
1342.8
1339.7
1334.4
1348.3
1339.2
1337.8
1347.5
1333.5
1328.9
1348.7
1337.8
1342.8
1345.6
1348.7
1349.4
1347.3
1344.2
1345.4
1334.2
1345.4
1344.9
1343.0
1331.8
1344.9
1345.2
1334.0
1344.0
1328.7
1341.3
1347.1
1342.1
1331.8
1353.3
1346.3
1334.0
1341.8
1347.5
1343.5
1336.3
1331.8
1328.0
1337.3
1338.5
1334.9
1337.5
1348.3
1349.0
1334.2
1343.0
1347.8
1341.6
1339.4
1339.9
1340.6
1338.5
1344.4
1343.5
1338.2
1349.2
1347.1
1335.4
1346.1
1331.1
1332.5
1340.6
1335.9
1331.3
1344.7
1337.5
1340.9
1348.5
1332.3
1335.6
1341.1
1335.6
1331.8
1335.4
1328.0
1346.6
1336.6
1328.9
1341.3
1333.7