5012.8
1886.9
1386.0
1006.4
987.5
984.9
980.3
977.6
979.7
979.3
978.3
976.3
977.4
974.1
973.8
972.7
976.8
977.1
974.6
973.9
979.3
974.8
972.7
975.1
990.9
984.7
981.3
974.8
980.9
981.4
981.0
983.5
981.0
982.6
982.0
979.7
981.6
976.1
971.5
978.1
974.7
976.3
976.4
974.3
976.7
975.4
977.5
979.8
975.5
975.9
979.2
977.5
973.4
980.4
974.0
966.9
970.8
970.5
973.3
977.1
976.8
974.7
978.0
979.4
977.7
967.8
976.5
975.8
975.2
972.7
977.2
975.0
985.4
985.3
981.6
972.9
972.7
984.1
981.3
985.9
979.0
979.5
979.3
976.5
974.0
975.6
977.7
969.9
975.9
976.1
975.9
976.5
977.4
974.5
977.5
975.8
977.0
972.8
975.7
977.2
972.8
972.7
975.9
978.3
980.9
976.4
980.3
976.7
975.0
973.5
974.7
972.3
995.2
974.0
977.6
976.7
979.6
970.2
974.9
973.4
966.1
971.5
965.4
974.4
967.0
964.5
968.4
971.2
966.9
961.6
964.5
964.4
969.0
967.5
961.1
959.5
965.2
966.8
965.8
965.8
969.2
969.4
965.6
971.5
974.2
973.6
973.9
969.5
966.4
962.0
967.7
969.2
970.4
968.1
968.9
960.2
971.3
973.3
972.1
972.5
970.5
967.5
972.8
965.6
969.4
970.3
970.0
973.6
972.2
975.1
974.4
974.2
974.4
967.4
972.2
974.3
981.2
972.1
977.5
978.9
979.2
977.5
971.7
979.3
980.3
976.0
977.1
980.0
980.1
973.8
970.7
974.7
977.3
973.6
973.1
986.5
979.1
990.1
972.6
988.9
978.3
969.6
980.1
974.7
975.0
972.3
974.8
972.0
972.0
968.5
973.5
974.4
973.9
969.8
976.7
975.9
973.8
975.5
972.9
970.7
974.1
981.5
979.1
980.6
978.2
977.7
973.2
973.4
970.1
975.9
978.0
972.2
977.6
972.5
975.6
973.3
976.2
974.7
974.2
974.6
983.3
981.3
971.3
978.1
975.7
977.6
979.1
978.3
979.6
980.1
982.6
974.7
975.3
975.3
976.7
977.7
971.8
973.3
975.1
976.7
977.9
968.3
971.5
975.4
971.6
979.5
972.5
970.8
975.8
968.8
974.9
975.5
975.5
972.5
975.4
979.4
974.7
973.8
977.6
972.9
975.3
972.6
977.3
979.8
979.1
982.3
984.0
977.5
971.1
974.9
982.2
976.4
977.1
978.4
977.0
984.0
974.7
966.8
973.0
970.2