653256.9
9959.0
1220.0
22240.9
6501.0
3739.1
3048.9
1123.9
2940.9
1114.8
1105.1
3190.0
1114.1
1103.2
1109.8
2950.0
1129.2
1107.9
1103.2
1108.9
2934.9
1128.9
1111.0
1102.0
1097.0
2825.0
1128.9
1102.2
1106.0
1098.9
1107.9
2906.1
1117.9
1100.8
1106.0
1099.8
1101.0
1101.0
2958.1
1128.0
1100.1
1100.1
1106.0
1098.2
1107.9
1098.2
3004.1
1123.2
1098.9
1100.8
1106.0
1097.9
1099.1
1105.1
1098.9
2947.1
1114.8
1101.0
1101.0
1108.9
1107.0
1097.0
1106.0
1107.0
1107.0
2922.8
1120.1
1107.0
1098.2
1107.9
1101.0
1108.9
1098.2
1097.9
1104.1
1106.0
2957.1
1116.0
1104.1
1101.0
1104.1
1107.9
1100.1
1097.0
1101.0
1093.1
1094.8
1102.0
3145.9
1118.9
1109.1
1104.1
1097.0
1102.9
1095.1
1097.0
1103.2
1105.1
1100.1
1098.9
1100.1
2959.0
1117.0
1103.9
1104.1
1106.0
1103.2
1096.0
1101.0
1102.0
1097.2
1102.0
1099.8
1104.1
1092.9
2923.0
1125.1
1103.2
1103.9
1102.2
1107.0
1107.9
1101.0
1102.0
1102.0
1097.0
1103.9
1098.9
1099.1
1097.9
2960.0
1126.1
1101.0
1115.1
1102.0
1100.1
1103.2
1095.1
1092.0
1101.0
1101.0
1100.1
1095.1
1101.0
1095.1
1100.1
1097.9
1101.0
1107.0
1102.9
1099.1
1103.9
2920.2
1116.0
1096.0
1105.1
1111.0
1097.0
1096.0
1097.2
1101.0
1096.0
1098.9
1109.8
1097.2
1096.0
1102.0
1104.1
1101.0
1100.1
2912.0
1117.9
1106.0
1096.0
1106.0
1099.1
1098.9
1102.0
1097.0
1102.0
1103.9
1095.1
1101.0
1102.0
1098.9
1098.2
1092.9
1098.9
1101.0
1108.9
1099.1
1098.2
1102.0
1102.9
1104.1
1101.0
2865.1
1117.0
1109.8
1098.9
1101.0
1107.0
1101.0
1101.0
1105.1
1101.0
1102.0
1097.0
1103.2
1106.0
1101.0
1097.0
1101.0
1096.0
1099.1
1101.0
1100.1
1105.1
1102.0
2924.0
1123.0
1096.0
1102.0
1105.1
1103.2
1096.0
1094.8
1103.2
1102.0
1098.9
1098.9
1104.1
1097.9
1097.2
1101.0
1095.1
1097.0
1101.0
1096.0
1092.2
1098.9
1099.1
1101.0
1102.0
1097.0
1101.0
2929.9
1117.0
1106.0
1096.0
1100.1
1102.0
1099.1
1096.0
1097.9
1101.0
1102.0
1099.8
1099.1
1098.2
1102.9
1102.0
1102.0
1098.9
1098.2
1107.0
1102.9
1099.1
1094.8
1095.1
1105.1
1101.0
1095.1
1101.0
1103.2
3122.8
1117.0
1095.8
1101.0
1097.9
1102.0
1099.1
1102.0
1102.0
1096.0
1094.8
1103.9
1103.2
1102.9
1106.0
1101.0
1101.0
1101.0
1094.1
1102.9
1107.0
1099.1
1097.0
1096.0
1097.0