4627748.0
31808.1
1570.2
1398.6
1338.0
1311.1
1303.7
1300.6
1292.0
1292.2
1289.1
1290.3
1300.8
1299.1
1294.6
1295.3
1285.1
1287.9
1285.3
1286.7
1288.4
1288.2
1283.6
1282.5
1290.1
1284.1
1293.9
1287.5
1296.0
1285.3
1284.4
1290.1
1284.8
1292.0
1286.5
1280.1
1283.4
1284.6
1290.8
1282.7
1282.9
1289.4
1287.5
1278.6
1284.4
1292.2
1287.9
1283.9
1283.2
1285.6
1286.3
1287.7
1288.2
1284.6
1284.6
1291.8
1291.5
1286.7
1281.5
1293.7
1293.7
1281.3
1292.5
1276.7
1285.6
1282.5
1292.7
1280.8
1284.8
1287.9
1282.5
1280.3
1283.6
1286.5
1284.8
1286.3
1292.2
1284.1
1283.6
1280.3
1284.4
1285.8
1283.9
1286.7
1280.3
1285.1
1283.4
1284.8
1275.8
1282.5
1287.5
1291.0
1280.3
1277.4
1284.1
1278.9
1289.4
1291.3
1284.6
1280.1
1278.2
1282.0
1276.5
1278.9
1286.0
1279.8
1273.9
1279.1
1285.3
1279.4
1300.1
1291.8
1282.2
1285.8
1277.7
1282.7
1278.2
1278.4
1286.3
1276.3
1282.5
1277.9
1282.7
1282.5
1288.4
1293.9
1282.5
1279.8
1277.4
1273.9
1280.1
1272.4
1289.8
1273.9
1279.4
1279.1
1284.8
1276.7
1279.6
1282.2
1283.6
1280.5
1275.1
1287.7
1277.9
1276.3
1280.5
1279.4
1273.9
1282.0
1284.6
1277.9
1279.4
1277.4
1275.8
1280.5
1278.4
1290.8
1278.4
1281.0
1293.2
1281.5
1280.1
1277.9
1283.2
1280.3
1279.1
1281.0
1280.8
1281.0
1282.9
1286.3
1280.3
1275.3
1280.3
1277.2
1282.2
1277.4
1285.6
1282.0
1276.7
1275.8
1277.0
1277.0
1281.5
1287.9
1277.7
1279.8
1278.6
1281.3
1279.8
1285.3
1290.6
1279.8
1276.3
1279.8
1286.5
1280.8
1274.8
1290.1
1277.7
1277.4
1280.1
1287.0
1279.4
1277.7
1276.5
1277.4
1280.3
1285.3
1288.4
1275.3
1275.3
1282.2
1284.4
1279.1
1275.5
1282.7
1275.5
1277.4
1276.0
1281.5
1286.5
1277.4
1282.5
1272.7
1271.2
1277.2
1273.9
1274.8
1270.5
1278.4
1272.9
1275.5
1274.6
1284.6
1279.6
1275.5
1274.6
1274.3
1276.0
1280.3
1282.7
1274.6
1279.8
1280.5
1274.3
1282.0
1282.2
1291.5
1276.7
1277.2
1277.2
1275.5
1271.7
1273.4
1281.7
1274.3
1279.1
1277.0
1281.0
1279.1
1276.0
1274.1
1276.0
1277.7
1271.7
1279.6
1274.3
1276.5
1272.7
1277.4
1277.0
1272.4
1279.6
1276.5
1268.6
1270.5
1281.3
1273.6
1277.4
1276.5
1274.6
1276.0
1274.1
1290.1
1277.4
1277.4
1275.5
1278.2
1277.7
1274.1
1287.2
1275.1
1274.3
1279.4
1273.9
1276.5
1280.3
1282.2