5486414.9
10246.0
1211.2
726206.1
7147.1
4452.0
3221.0
1119.1
2834.1
1124.9
1102.9
4312.0
1183.0
1112.9
1107.0
2898.9
1117.9
1109.1
1100.1
1103.9
3046.0
1127.0
1100.1
1102.0
1111.0
2685.1
1113.2
1100.1
1102.0
1104.1
1100.1
2832.9
1119.9
1102.2
1102.0
1100.1
1101.0
1104.1
2838.9
1120.1
1107.9
1104.8
1101.0
1107.0
1107.9
1103.2
2903.9
1108.9
1107.9
1102.0
1105.8
1102.2
1102.0
1100.1
1098.9
2877.0
1117.0
1095.1
1101.0
1102.9
1106.0
1099.1
1100.1
1102.9
1107.0
2828.1
1124.1
1106.0
1105.1
1101.0
1101.0
1097.9
1099.1
1099.1
1100.1
1099.8
2827.9
1122.0
1442.2
1106.0
1105.1
1100.1
1102.9
1099.1
1102.0
1102.9
1103.2
1100.1
2950.9
1127.0
1106.0
1107.9
1094.8
1099.8
1101.0
1094.1
1102.0
1106.0
1099.1
1098.9
1101.0
2936.8
1112.0
1110.1
1096.0
1101.0
1107.9
1102.0
1098.9
1100.8
1101.0
1102.0
1102.9
1102.2
1107.0
2951.9
1115.1
1091.0
1096.0
1098.2
1093.9
1102.2
1097.0
1100.1
1097.0
1097.0
1097.0
1100.1
1096.0
1107.0
2876.0
1122.0
1101.0
1107.9
1094.1
1102.9
1108.2
1094.8
1097.0
1100.1
1097.9
1098.2
1092.9
1102.0
1100.1
1108.2
1100.8
1097.0
1101.0
1100.1
1104.1
1098.9
2843.1
1109.1
1097.9
1103.9
1104.1
1101.0
1100.1
1101.0
1097.9
1097.2
1095.1
1105.8
1106.0
1097.9
1097.9
1101.0
1102.0
1100.1
2869.8
1112.0
1102.0
1099.1
1101.0
1111.0
1099.1
1095.1
1095.1
1096.0
1102.0
1098.2
1101.0
1101.0
1095.1
1098.9
1117.0
1097.0
1097.9
1110.1
1105.1
1098.9
1107.0
1097.9
1102.0
1103.9
2848.1
1117.9
1111.0
1102.9
1093.9
1106.0
1101.0
1098.9
1097.2
1101.0
1096.0
1103.9
1099.1
1100.1
1097.9
1103.9
1097.9
1098.9
1101.0
1104.1
1108.9
1101.0
1096.0
2856.0
1123.0
1094.8
1097.0
1107.9
1100.1
1093.1
1099.8
1093.9
1104.1
1101.0
1101.0
1097.9
1101.0
1097.2
1097.0
1100.1
1099.1
1093.9
1103.2
1095.1
1095.1
1099.8
1093.1
1097.9
1099.1
1097.0
2892.0
1113.9
1111.0
1107.9
1096.0
1106.0
1104.1
1100.1
1092.9
1109.1
1100.1
1092.0
1105.1
1095.1
1096.0
1102.0
1097.9
1095.1
1105.1
1100.1
1096.0
1101.0
1105.1
1100.1
1100.1
1098.9
1100.1
1097.0
1089.1
2847.9
1109.8
1091.0
1091.0
1097.9
1099.1
1090.0
1093.9
1090.0
1091.0
1093.9
1101.0
1091.0
1090.0
1094.1
1090.0
1094.1
1093.9
1092.2
1098.9
1090.0
1095.1
1094.1
1102.0
1094.1