1887038.5
32506.0
1601.9
1419.5
1331.6
1303.7
1315.1
1299.9
1295.6
1344.4
1292.2
1295.8
1288.4
1290.1
1285.6
1287.9
1294.4
1288.7
1289.1
1287.2
1284.6
1282.5
1287.9
1289.1
1281.5
1279.8
1296.0
1287.2
1284.1
1282.2
1293.4
1279.8
1287.5
1292.9
1285.6
1281.3
1291.3
1285.8
1286.3
1295.6
1292.0
1280.8
1282.2
1283.4
1284.1
1282.0
1282.7
1297.7
1284.1
1283.4
1284.6
1282.7
1280.1
1279.1
1295.1
1284.8
1285.6
1287.5
1287.7
1284.6
1288.2
1310.6
1286.3
1285.8
1291.5
1283.6
1287.0
1290.3
1290.3
1282.5
1277.9
1290.6
1282.0
1281.5
1279.1
1291.5
1285.1
1285.8
1294.1
1279.1
1282.0
1284.4
1280.5
1281.7
1278.9
1288.2
1278.9
1284.8
1280.8
1279.1
1280.5
1282.0
1288.9
1281.0
1277.0
1282.2
1280.3
1277.7
1277.0
1295.1
1281.7
1277.2
1279.8
1296.0
1282.5
1280.8
1288.2
1279.8
1274.6
1277.9
1283.4
1279.6
1277.4
1286.7
1281.7
1276.7
1276.7
1296.5
1279.8
1277.9
1294.9
1287.0
1291.3
1286.5
1280.5
1278.6
1276.7
1286.5
1281.0
1282.2
1282.9
1279.1
1276.3
1280.8
1285.1
1279.4
1275.8
1283.4
1292.5
1291.0
1285.1
1292.0
1276.5
1277.9
1280.3
1282.2
1280.1
1278.6
1294.6
1279.6
1276.5
1283.4
1277.4
1277.9
1282.5
1293.2
1281.5
1280.3
1288.9
1279.4
1281.0
1279.1
1289.4
1278.9
1287.2
1287.5
1275.3
1281.7
1278.4
1290.1
1280.8
1277.7
1278.9
1293.9
1279.4
1282.7
1285.1
1276.5
1281.3
1282.9
1290.3
1275.5
1280.3
1290.3
1277.2
1279.6
1273.6
1287.2
1277.9
1276.7
1290.8
1275.5
1279.1
1278.6
1288.4
1286.5
1282.2
1289.4
1282.9
1276.0
1275.1
1287.7
1278.2
1279.6
1277.0
1282.7
1277.2
1278.2
1288.2
1276.0
1274.6
1275.3
1275.5
1278.9
1276.5
1285.6
1281.7
1282.0
1290.6
1282.0
1275.5
1278.6
1290.6
1275.5
1280.5
1279.6
1281.5
1282.9
1277.0
1293.7
1284.1
1282.5
1277.0
1277.2
1277.2
1276.5
1291.8
1282.7
1275.8
1278.2
1274.1
1279.1
1276.7
1281.7
1273.6
1276.0
1276.7
1292.0
1277.0
1273.6
1288.2
1276.5
1274.3
1273.9
1286.7
1275.5
1278.2
1275.5
1273.2
1279.4
1275.8
1288.9
1277.2
1276.0
1275.1
1277.9
1279.1
1274.3
1288.4
1279.8
1279.8
1278.2
1274.3
1279.1
1280.3
1289.6
1281.5
1274.6
1278.9
1286.5
1276.7
1276.0
1286.7
1278.4
1279.8
1284.1
1290.8
1279.4
1276.5
1288.9
1276.3
1282.0
1277.0
1283.4
1277.2
1277.0
1294.9
1281.0
1276.7
1273.6