5456133.1
10103.0
1216.2
723885.1
7154.0
4540.0
3200.1
1120.1
2880.8
1117.9
1102.0
2872.0
1110.8
1102.9
1116.0
4582.2
1124.9
1110.8
1099.8
1104.8
3070.1
1112.0
1102.0
1102.9
1099.8
2761.8
1124.9
1098.9
1104.1
1102.9
1102.0
2842.9
1120.1
1103.2
1100.1
1097.9
1098.2
1100.1
2908.0
1119.1
1111.0
1097.9
1101.0
1106.0
1102.9
1098.2
2940.9
1128.0
1102.0
1100.8
1101.0
1102.9
1097.0
1097.0
1099.8
2876.0
1117.9
1105.1
1106.0
1101.0
1099.8
1095.1
1101.0
1101.0
1104.1
2867.9
1120.8
1102.0
1105.1
1101.0
1097.0
1097.0
1102.0
1098.9
1100.8
1102.0
2856.0
1108.2
1102.0
1102.9
1103.2
1105.1
1102.9
1097.0
1096.0
1097.9
1097.9
1101.0
2901.8
1112.0
1099.1
1105.1
1099.8
1104.8
1098.2
1097.9
1107.0
1099.1
1102.9
1101.0
1102.0
2867.9
1114.8
1110.8
1098.9
1099.1
1107.9
1093.9
1097.0
1099.8
1099.1
1099.1
1104.8
1106.0
1098.2
2791.9
1112.9
1103.2
1097.9
1100.1
1097.0
1099.8
1098.2
1103.9
1098.2
1102.0
1101.0
1102.2
1097.9
1097.0
2847.2
1123.0
1104.8
1104.8
1105.1
1105.1
1102.9
1102.9
1099.1
1097.9
1103.2
1101.0
1097.9
1100.1
1097.0
1099.1
1096.0
1094.1
1098.9
1108.2
1097.9
1096.0
2879.1
1117.9
1100.1
1102.0
1107.2
1097.0
1099.1
1094.8
1101.0
1099.8
1098.2
1098.9
1104.1
1096.0
1099.1
1103.9
1099.1
1093.9
2880.8
1128.0
1102.0
1103.2
1102.9
1096.0
1099.1
1095.1
1091.0
1100.1
1097.9
1100.8
1102.2
1093.9
1096.0
1094.8
1098.2
1094.8
1097.0
1102.0
1097.0
1096.0
1104.8
1097.0
1099.1
1090.0
2803.1
1105.1
1096.0
1093.9
1093.1
1096.0
1094.1
1092.0
1095.1
1097.9
1099.1
1096.0
1095.1
1092.9
1104.1
1102.0
1092.2
1092.9
1092.0
1098.2
1094.8
1087.9
1097.0
2819.1
1112.0
1097.0
1095.1
1094.1
1096.0
1092.9
1094.1
1097.9
1096.0
1092.9
1092.9
1094.8
1092.9
1093.9
1097.9
1092.2
1098.9
1096.0
1091.0
1097.2
1097.0
1093.1
1099.8
1095.1
1096.0
1092.2
2906.8
1119.9
1102.0
1092.0
1092.9
1099.8
1093.1
1100.1
1091.0
1096.0
1097.0
1094.1
1091.0
1092.0
1095.1
1098.9
1096.0
1104.8
1093.9
1102.0
1095.1
1088.1
1092.0
1089.1
1092.0
1101.0
1099.8
1097.2
1094.8
2864.8
1108.9
1097.0
1093.9
1093.1
1097.9
1096.0
1092.0
1102.0
1100.1
1095.1
1095.8
1091.0
1099.8
1093.9
1094.1
1100.1
1096.0
1089.8
1097.0
1097.0
1099.1
1092.9
1088.1
1095.1