655740.0
9891.0
1233.1
22151.9
6429.9
3756.0
3049.9
1116.0
2847.9
1127.0
1102.0
2943.0
1117.9
1096.0
1097.0
2859.1
1114.1
1104.1
1102.9
1106.0
2904.2
1128.9
1102.0
1103.9
1105.8
2816.0
1120.1
1098.2
1104.8
1102.0
1102.9
2891.1
1122.0
1103.9
1104.1
1103.9
1102.9
1106.0
2885.1
1117.0
1102.0
1108.2
1100.1
1102.9
1108.9
1102.0
2969.0
1121.0
1099.1
1105.1
1101.0
1102.9
1104.1
1100.1
1097.9
2897.0
1117.0
1112.9
1102.0
1100.1
1101.0
1098.9
1100.1
1104.1
1100.1
2888.0
1117.0
1103.9
1107.0
1099.1
1102.9
1102.0
1104.1
1100.1
1101.0
1108.2
3063.9
1111.0
1110.1
1110.1
1103.9
1112.0
1096.0
1093.9
1099.1
1102.9
1098.2
1097.0
2855.1
1116.0
1096.0
1106.0
1097.0
1100.1
1102.0
1091.0
1099.1
1102.0
1100.1
1103.9
1097.2
2869.8
1121.0
1102.0
1099.1
1097.0
1092.0
1100.1
1099.8
1110.1
1104.1
1103.9
1107.0
1099.8
1101.0
2879.9
1109.8
1103.9
1102.0
1107.0
1097.9
1096.0
1092.0
1097.9
1095.1
1101.0
1100.1
1103.9
1101.0
1099.8
2909.2
1118.9
1101.0
1107.9
1103.2
1103.9
1094.1
1092.0
1097.2
1102.0
1097.0
1103.2
1100.8
1097.0
1097.0
1102.0
1101.0
1098.2
1102.0
1103.2
1102.0
1104.8
2911.1
1114.1
1102.0
1097.0
1098.9
1145.8
1098.9
1097.9
1100.1
1098.2
1098.9
1107.2
1100.8
1100.1
1103.2
1096.0
1099.1
1097.0
2878.9
1117.9
1095.1
1096.0
1101.0
1102.2
1101.0
1101.0
1099.1
1104.8
1102.0
1102.0
1102.9
1096.0
1093.1
1101.0
1102.0
1102.9
1101.0
1101.0
1100.1
1103.2
1101.0
1102.0
1102.9
1098.2
2816.9
1112.0
1106.0
1096.0
1099.8
1104.8
1098.9
1100.1
1096.0
1097.0
1103.9
1100.1
1092.9
1097.9
1102.9
1336.8
1099.8
1104.8
1098.2
1102.9
1096.0
1099.1
1103.9
2806.2
1120.1
1102.0
1097.9
1099.1
1099.1
1097.0
1107.0
1102.9
1100.1
1097.2
1099.8
1102.0
1094.1
1092.0
1097.9
1095.1
1097.9
1101.0
1101.0
1094.1
1100.1
1102.9
1103.2
1098.9
1099.1
1096.0
2875.1
1114.1
1106.0
1102.0
1100.1
1102.9
1101.0
1099.8
1094.1
1097.9
1097.9
1105.1
1098.9
1097.2
1101.0
1103.9
1104.1
1102.0
1096.0
1103.2
1098.9
1102.2
1099.8
1099.8
1092.0
1104.1
1097.0
1095.1
1098.9
2843.1
1125.1
1095.1
1101.0
1103.9
1097.0
1097.0
1100.1
1097.0
1097.9
1096.0
1103.9
1097.9
1098.9
1096.0
1093.1
1097.9
1094.1
1094.1
1102.0
1107.0
1106.0
1088.1
1093.9
1097.0