201762.0
3252.3
2826.2
2700.1
2726.8
2745.2
2745.4
2719.4
2730.8
2687.0
2692.0
2678.4
2694.6
2689.1
2654.1
2736.1
2665.3
2706.5
2637.6
2715.1
2672.7
2712.5
2868.7
2722.7
2730.1
2654.1
2713.9
2683.6
2669.1
2640.5
2643.6
2640.5
2642.9
2613.1
2711.3
2670.0
2634.0
2710.3
2714.6
2730.4
2708.0
2741.8
2730.8
2730.4
2747.1
2649.3
2939.7
2651.5
2641.4
2715.6
2679.6
2698.9
2654.1
2703.2
2712.2
2713.0
2734.9
2689.4
2723.5
2657.2
2716.8
2723.7
2743.5
2667.7
2649.3
2667.2
2634.0
2621.4
2645.0
2728.2
2663.4
2664.1
2651.0
2623.8
2667.4
2674.8
2697.0
2702.5
2718.2
2724.2
2671.2
2764.7
2747.5
2729.9
2652.2
2647.9
2720.4
2656.9
2674.1
2667.9
2646.2
2714.4
2717.0
2645.7
2635.5
2753.3
2700.6
2709.2
2722.7
2693.2
2695.6
2649.8
2648.6
2660.3
2662.4
2718.0
2737.5
2726.6
2705.1
2710.6
2646.0
2708.7
2711.3
2635.7
2640.0
2612.4
2716.3
2745.4
2650.0
2616.4
2709.9
2717.7
2687.5
2731.8
2708.9
2701.5
2662.4
2634.3
2730.8
2682.4
2637.6
2722.7
2675.8
2648.8
2730.1
2728.9
2730.1
2690.8
2639.1
2653.4
2625.7
2638.6
2626.2
2663.9
2702.5
2686.0
2698.4
2634.3
2639.3
2753.7
2666.5
2716.5
2728.2
2687.2
2735.4
2690.8
2660.5
2626.2
2735.4
2662.7
2628.6
2724.2
2700.6
2653.1
2713.9
2735.1
2694.6
2634.5
2661.5
2727.5
2755.4
2722.3
2766.8
2691.0
2703.9
2725.6
2716.8
2731.6
2675.5
2654.8
2720.4
2706.5
2719.4
2648.6
2640.5
2644.1
2625.5
2633.6
2637.6
2639.5
2685.3
2635.2
2623.8
2718.9
2728.2
2700.1
2637.6
2665.3
2700.3
2703.0
2720.1
2658.6
2737.5
2724.9
2728.0
2728.5
2722.5
2714.6
2722.3
2711.1
2641.7
2650.7
2729.2
2663.9
2635.5
2630.5
2693.7
2641.0
2711.3
2754.9
2729.7
2723.2
2705.3
2713.9
2692.0
2688.4
2641.0
2679.3
2650.3
2665.3
2720.6
2723.9
2689.8
2649.3
2643.8
2653.1
2715.6
2737.8
2744.9
2729.4
2653.8
2704.1
2669.8
2625.0
2770.9
2682.9
2664.8
2721.8
2736.1
2733.9
2739.0
2731.1
2685.5
2664.1
2702.7
2731.1
2736.6
2741.8
2676.7
2668.6
2635.0
2636.2
2629.3
2733.9
2736.3
2678.9
2711.1
2656.9
2661.9
2729.4
2733.9
2726.8
2691.7
2732.5
2688.6
2737.0
2651.9
2711.8
2720.8
2732.0
2728.9
2747.5
2672.2
2685.8
2681.3
2694.1
2747.3
2726.8
2727.5
2657.9
2656.7
2634.0
2627.1
2636.4
2653.4
2750.2
2749.9
2730.6
2729.9
2739.4