1876671.1
1805.5
1511.1
1391.9
1391.6
1362.6
1356.1
1346.1
1350.4
1348.7
1340.6
1332.0
1347.3
1340.6
1333.0
1335.4
1338.5
1333.5
1335.4
1342.5
1335.6
1336.1
1327.5
1337.8
1337.8
1331.6
1335.4
1364.2
1340.9
1336.8
1339.2
1333.0
1337.8
1352.8
1338.7
1332.8
1335.1
1332.0
1326.3
1342.1
1339.4
1328.9
1325.8
1321.6
1323.5
1332.0
1333.0
1322.5
1327.0
1326.6
1333.2
1332.8
1326.3
1323.9
1327.8
1331.8
1334.2
1339.0
1331.8
1324.2
1332.8
1331.8
1326.8
1326.3
1335.6
1333.5
1336.6
1323.7
1331.3
1338.2
1333.2
1327.3
1325.6
1321.1
1341.3
1339.4
1327.3
1322.3
1336.8
1330.6
1325.6
1327.5
1326.8
1320.4
1325.1
1329.9
1327.3
1329.9
1324.7
1338.5
1331.1
1331.8
1328.9
1339.0
1329.7
1334.4
1334.7
1336.1
1334.4
1336.1
1328.7
1373.5
1342.8
1334.4
1346.6
1348.0
1334.9
1344.2
1331.1
1336.3
1356.4
1336.8
1326.1
1347.5
1334.0
1331.1
1340.4
1327.0
1326.6
1350.2
1345.4
1331.1
1341.1
1336.6
1331.1
1339.4
1325.6
1320.8
1342.8
1328.2
1330.9
1337.1
1329.4
1335.6
1339.7
1344.0
1331.3
1329.9
1330.4
1334.2
1321.1
1328.5
1328.7
1328.0
1319.4
1322.0
1332.8
1328.9
1321.6
1332.0
1319.6
1323.0
1335.9
1323.5
1327.3
1332.5
1326.1
1330.4
1338.7
1328.5
1334.2
1340.2
1333.2
1325.4
1333.7
1325.6
1321.8
1332.8
1324.9
1327.5
1337.8
1324.7
1329.7
1337.3
1323.5
1334.4
1341.6
1330.9
1320.4
1345.9
1330.1
1327.3
1335.9
1330.9
1322.0
1334.9
1322.5
1317.3
1329.2
1321.8
1331.3
1336.8
1326.1
1331.6
1345.4
1326.8
1323.9
1343.7
1331.8
1326.3
1336.8
1331.6
1320.8
1346.8
1333.2
1329.4
1339.7
1332.8
1344.7
1338.2
1327.8
1325.8
1339.2
1338.7
1329.7
1329.2
1336.8
1331.6
1338.7
1329.4
1327.0
1335.6
1335.6
1342.3
1332.0
1337.5
1346.3
1330.4
1327.0
1351.6
1332.5
1328.2
1339.4
1345.4
1331.6
1339.2
1328.5
1324.4
1363.0
1334.4
1330.6
1340.9
1344.4
1331.3
1341.3
1326.8
1324.2
1360.2
1339.2
1327.5
1339.0
1326.8
1338.0
1340.9
1333.7
1328.9
1331.1
1325.1
1337.3
1342.5
1328.5
1332.0
1333.2
1336.8
1328.0
1335.4
1330.9
1322.0
1333.0
1349.2
1333.5
1341.1
1329.4
1346.8
1338.2
1327.8
1323.9
1327.8
1332.8
1330.9
1328.2
1323.5
1339.9
1339.9
1330.6
1328.7
1321.8
1322.5
1336.1
1331.6
1324.7
1331.3
1321.6
1337.3
1334.0
1331.8
1324.2
1347.3
1342.1
1343.7