5487645.1
10237.0
1233.1
725068.8
7213.1
4581.0
3225.1
1122.0
2902.0
1112.2
1101.0
3610.1
1130.1
1097.2
1094.8
2898.0
1118.9
1106.0
1102.0
1103.2
2837.9
1114.8
1111.0
1105.1
1100.1
2780.9
1123.9
1097.9
1105.1
1102.9
1104.8
2837.2
1125.1
1102.0
1106.0
1106.0
1097.0
1107.0
2918.0
1126.1
1108.2
1102.0
1102.0
1112.9
1104.1
1102.9
2935.2
1124.1
1110.1
1094.8
1099.8
1101.0
1099.1
1096.0
1099.1
2872.0
1137.0
1101.0
1102.0
1110.1
1099.1
1094.8
1102.9
1097.0
1098.2
2814.1
1117.9
1102.0
1108.9
1097.9
1104.8
1101.0
1106.0
1103.9
1106.0
1106.0
2900.1
1121.0
1101.0
1098.2
1107.0
1101.0
1098.9
1092.0
1103.9
1105.1
1096.0
1098.2
2807.9
1115.1
1103.9
1111.0
1095.1
1100.1
1097.0
1092.2
1106.0
1103.9
1096.0
1105.1
1098.2
2872.9
1117.0
1105.8
1108.9
1098.2
1102.9
1097.2
1100.8
1097.9
1100.1
1102.9
1102.0
1103.9
1101.0
2855.1
1117.9
1107.9
1103.2
1097.0
1101.0
1100.1
1101.0
1101.0
1097.0
1099.1
1097.0
1105.1
1098.2
1102.0
2875.1
1120.1
1101.0
1107.0
1099.1
1100.1
1099.8
1100.1
1100.1
1104.1
1102.9
1103.9
1096.0
1097.0
1095.8
1106.0
1105.8
1101.0
1099.8
1102.0
1098.9
1104.8
2821.2
1112.9
1105.1
1098.2
1102.9
1094.1
1097.0
1100.1
1105.1
1095.1
1102.0
1104.1
1098.9
1101.0
1099.8
1099.1
1096.0
1094.1
2897.0
1118.2
1098.9
1099.1
1100.1
1106.0
1102.9
1100.8
1098.9
1106.0
1110.1
1109.1
1107.0
1101.0
1094.1
1100.1
1094.8
1102.2
1101.0
1100.1
1103.9
1103.2
1099.8
1094.1
1103.2
1099.8
2861.0
1128.0
1105.1
1096.0
1096.0
1102.0
1099.1
1097.0
1105.1
1100.1
1099.1
1102.0
1099.8
1097.9
1104.1
1102.0
1096.0
1103.9
1092.0
1102.9
1100.8
1098.2
1102.0
2872.0
1122.0
1109.1
1095.1
1099.8
1097.9
1099.1
1100.1
1097.9
1103.2
1101.0
1095.1
1102.0
1102.9
1093.1
1106.0
1096.0
1100.1
1107.9
1104.1
1097.0
1100.1
1099.1
1101.0
1096.0
1097.0
1100.1
2860.1
1132.0
1107.0
1101.0
1102.0
1101.0
1099.1
1102.0
1092.9
1102.2
1096.0
1105.8
1101.0
1099.8
1097.0
1101.0
1103.9
1101.0
1107.2
1101.0
1101.0
1096.0
1097.0
1099.1
1097.0
1100.1
1094.8
1102.9
1101.0
2862.0
1116.0
1102.9
1097.2
1102.9
1100.1
1098.9
1101.0
1102.0
1103.9
1101.0
1104.8
1097.2
1096.0
1099.8
1106.0
1101.0
1094.1
1097.0
1100.1
1109.1
1104.8
1099.8
1098.2
1102.0