195154.4
3146.2
2926.8
2738.5
2771.1
2772.1
2709.4
2659.1
2669.8
2763.0
2735.6
2667.7
2704.4
2874.1
2676.7
2717.5
2748.3
3778.2
3576.0
2810.5
2708.2
2730.6
2733.7
2752.3
2661.0
2660.0
2730.6
2683.6
2653.1
2698.4
2647.9
2651.7
2654.8
2674.1
2655.5
2671.7
2719.9
2688.2
2722.0
2628.3
2684.6
2724.9
2649.1
2649.1
2621.9
2649.3
2888.0
2769.7
2683.9
2702.7
2752.1
2689.6
2648.8
2639.3
2641.4
2720.4
2704.9
2679.8
2733.2
2678.2
2717.5
2631.7
2680.5
2730.8
2704.1
2643.1
2698.2
2657.4
2646.0
2649.1
2635.7
2636.4
2628.1
2716.5
2716.5
2675.8
2647.6
2730.8
2729.9
2682.2
2722.3
2705.1
2676.0
2784.5
2660.8
2670.3
2702.2
2745.9
2716.5
2743.5
2708.9
2673.1
2695.3
2750.9
2740.4
2715.8
2684.6
2642.6
2729.4
2702.0
2686.3
2655.5
2626.7
2743.2
2713.2
2666.5
2642.4
2651.2
2643.3
2640.0
2667.0
2677.7
2702.5
2710.8
2732.5
2715.3
2752.5
2658.6
2716.3
2706.3
2728.9
2680.8
2643.1
2666.0
2641.7
2659.6
2724.2
2659.1
2645.0
2669.8
2712.2
2743.0
2684.4
2644.1
2638.1
2735.9
2739.7
2712.2
2737.0
2674.6
2649.1
2673.9
2685.8
2703.0
2753.3
2707.7
2685.5
2642.4
2726.3
2682.0
2704.9
2729.4
2704.1
2731.1
2723.9
2705.6
2765.7
2649.5
2679.8
2737.5
2708.4
2654.8
2720.1
2746.6
2711.3
2729.9
2681.3
2679.8
2654.6
2700.6
2736.1
2640.0
2745.2
2679.3
2652.9
2651.5
2701.0
2664.1
2769.5
2933.5
2727.5
2674.8
2674.8
2728.9
2772.6
2665.8
2683.4
2647.9
2661.7
2652.4
2770.9
2680.5
2740.1
2716.5
2682.9
2683.6
2737.5
2737.3
2697.2
2718.2
2679.3
2660.8
2690.3
2640.0
2649.8
2654.1
2688.6
2724.6
2772.1
2688.4
2631.9
2670.8
2709.9
2732.8
2670.3
2723.9
2673.1
2720.1
2734.7
2727.5
2662.4
2656.0
2669.6
2744.0
2655.5
2724.2
2749.9
2737.3
2728.2
2747.1
2672.0
2665.3
2659.8
2659.1
2748.3
2747.3
2802.4
2718.2
2740.6
2723.5
2741.1
2765.2
2670.8
2653.1
2672.0
2710.3
2661.9
2724.2
2742.5
2656.0
2718.9
2737.3
2756.8
2684.1
2713.9
2659.1
2682.0
2739.4
2680.3
2658.8
2710.1
2664.1
2645.7
2661.7
2667.7
2642.2
2690.8
2658.8
2653.6
2675.3
2668.4
2673.1
2741.1
2699.1
2640.7
2820.3
2651.7
2615.0
2661.0
2732.8
2641.4
2678.2
2643.8
2634.5
2625.2
2723.9
2655.7
2656.9
2639.3
2706.1
2713.9
2639.3
2623.8
2630.5
2664.8
2648.8
2665.5
2791.9
2637.4
2643.3