82806.1
1250.8
1094.9
1035.5
1023.2
1014.7
1012.5
1010.7
1007.3
1008.6
1007.9
1005.1
1006.3
1006.6
1007.9
1007.0
1002.9
1008.3
1002.8
998.1
994.5
996.5
992.3
996.1
1001.6
995.5
998.9
996.2
992.2
995.1
993.0
986.8
989.6
988.2
989.6
986.6
985.2
987.2
986.8
997.8
985.2
983.4
990.7
989.3
991.3
988.1
984.4
989.0
985.4
987.2
985.9
990.5
993.5
992.7
986.5
978.9
989.9
984.9
988.5
985.1
984.7
991.1
989.3
990.0
989.7
988.0
985.1
987.3
986.8
984.5
983.5
989.8
989.3
986.5
983.3
989.5
986.9
981.6
988.9
987.1
988.3
986.9
983.3
988.9
989.7
988.6
985.8
996.2
986.9
982.4
987.1
984.0
987.4
988.4
987.4
988.9
988.9
989.6
992.0
986.9
984.1
986.6
988.2
997.7
1000.3
999.8
995.3
993.1
990.0
994.9
990.5
993.8
989.3
989.7
994.1
1015.2
1001.3
990.4
993.7
1003.8
993.2
990.5
984.7
979.7
996.5
996.4
994.7
994.5
992.6
988.1
990.8
989.3
987.8
994.6
993.4
985.3
995.3
993.9
994.7
997.2
997.2
993.3
996.5
995.2
996.0
994.4
1001.6
997.7
994.8
993.1
994.5
991.2
992.3
983.0
990.9
985.1
993.3
986.2
989.7
990.7
989.1
989.8
983.7
988.7
989.0
992.1
994.9
988.3
991.6
989.7
988.1
986.9
985.1
988.0
987.7
984.4
984.8
986.7
989.4
984.0
990.0
983.4
984.7
991.2
985.8
984.0
990.6
984.2
987.5
989.7
984.9
987.5
988.0
991.3
989.4
984.5
988.8
990.3
987.5
988.1
986.3
986.9
987.1
987.4
983.8
988.9
986.1
991.8
988.8
986.4
985.4
986.6
985.8
988.1
988.3
991.8
987.2
988.8
990.1
985.1
984.1
989.9
986.6
985.4
988.1
987.3
986.7
991.3
987.9
987.5
986.8
986.7
988.5
993.9
992.8
991.0
989.2
987.0
1001.4
989.0
981.4
987.9
993.8
995.4
995.0
993.4
990.3
992.0
996.1
994.9
999.7
990.3
992.9
993.2
1000.4
996.0
996.7
996.8
993.6
994.4
989.1
995.4
997.1
994.3
994.5
996.7
989.8
992.8
997.2
993.4
994.3
996.0
1002.1
992.6
988.8
987.7
987.7
986.0
986.7
986.4
987.7
981.9
986.3
989.5
982.8
994.1
988.7
985.9
995.8
989.2
987.2
987.0
987.8
985.9
990.2
988.8
985.0
985.4
991.5
992.9