82441.1
1250.7
1077.2
1031.5
1018.9
1014.5
1008.9
1008.2
1008.1
1008.2
1009.7
1008.9
1004.6
1009.1
1010.6
1009.8
1008.9
1005.2
1003.1
995.1
990.1
992.3
993.9
994.8
994.3
995.8
991.3
999.3
993.2
998.4
992.9
991.1
993.9
991.2
990.9
984.5
986.1
988.2
987.6
988.9
987.2
985.2
987.5
986.7
986.9
991.3
991.7
990.7
988.3
991.6
988.6
984.5
987.7
989.3
991.1
992.0
987.5
987.6
983.2
985.6
985.7
985.5
989.5
991.9
990.0
980.5
984.3
987.7
984.2
984.6
989.9
987.0
984.6
988.4
983.1
987.5
985.1
987.9
988.8
987.9
989.1
990.5
987.1
996.5
984.9
991.0
991.5
996.7
987.7
985.7
991.3
989.9
997.2
996.5
998.7
995.6
998.2
995.6
993.6
993.9
990.6
989.0
995.8
995.3
1004.3
993.8
992.4
992.0
997.9
989.3
994.9
995.9
990.7
995.0
991.5
996.4
1002.0
997.5
1035.2
998.1
996.6
995.8
997.3
995.1
993.1
992.3
995.1
993.8
991.4
996.2
993.7
996.9
994.4
999.6
994.3
991.7
996.8
990.3
996.3
995.0
994.3
992.9
983.7
985.9
988.4
987.8
985.0
990.2
993.1
991.4
990.8
984.1
988.5
986.2
988.6
982.0
988.6
989.1
987.7
995.8
991.0
988.8
987.8
982.2
985.8
988.2
985.6
987.6
986.4
981.3
982.9
985.4
984.7
979.6
985.0
984.8
989.0
983.2
989.2
987.7
985.7
985.4
988.2
992.0
991.5
982.6
986.5
987.9
984.5
987.5
990.5
981.3
992.4
986.9
987.7
984.5
983.1
987.1
984.2
986.1
986.9
985.2
989.2
986.5
986.0
984.5
988.3
988.4
988.4
981.0
985.3
982.1
985.5
993.1
995.9
991.0
988.8
988.8
998.6
994.0
996.7
997.0
983.5
997.0
992.1
992.3
1000.6
993.2
993.8
992.1
995.1
995.8
993.9
987.6
994.2
996.0
993.2
992.1
992.3
999.3
991.2
992.3
996.4
992.9
992.2
992.3
992.9
998.3
993.2
992.8
992.0
990.2
994.2
983.2
986.7
988.4
986.6
984.9
993.1
987.0
988.6
992.6
991.9
988.7
985.6
987.0
984.4
987.6
986.6
985.7
984.9
989.3
987.4
983.8
985.7
986.0
987.7
984.2
988.3
985.9
984.5
982.6
984.2
982.2
984.8
988.3
986.9
987.6
986.3
987.4
985.5
986.6
986.2
989.1
988.6
986.6
988.2
981.1
987.2
992.1