1867002.0
1802.0
1520.2
1408.6
1380.2
1365.7
1373.3
1348.7
1354.9
1339.9
1344.9
1359.0
1338.2
1334.0
1342.1
1341.3
1330.6
1347.5
1330.9
1347.3
1339.2
1337.5
1327.8
1342.8
1339.2
1345.9
1345.9
1354.5
1348.0
1330.6
1334.0
1339.4
1343.5
1336.1
1337.1
1333.5
1326.1
1346.3
1331.8
1336.3
1336.6
1336.8
1337.1
1330.9
1328.0
1330.1
1341.3
1336.1
1324.7
1344.4
1328.0
1328.9
1328.0
1321.8
1335.6
1332.3
1327.5
1336.1
1338.2
1323.2
1323.7
1330.6
1322.0
1323.2
1335.4
1326.6
1320.8
1328.7
1320.4
1326.8
1334.2
1331.1
1320.8
1335.4
1328.9
1324.7
1332.0
1326.1
1337.8
1336.8
1323.9
1320.6
1324.9
1325.8
1323.7
1340.6
1333.2
1345.6
1360.9
1340.9
1333.0
1333.2
1332.8
1336.6
1332.8
1325.6
1324.4
1339.0
1327.5
1328.9
1327.8
1323.9
1323.5
1335.1
1323.0
1325.1
1329.2
1321.6
1327.0
1331.6
1325.1
1322.3
1328.0
1332.3
1323.0
1335.1
1323.0
1322.3
1323.5
1324.2
1332.3
1331.1
1325.8
1326.3
1334.0
1328.9
1322.5
1322.0
1324.2
1322.7
1333.0
1333.5
1326.1
1334.2
1321.6
1331.8
1328.7
1325.4
1326.8
1326.3
1321.6
1331.3
1327.0
1320.4
1330.9
1331.6
1326.8
1320.6
1324.4
1339.2
1325.6
1331.1
1334.0
1332.0
1332.5
1334.7
1323.9
1338.5
1323.7
1325.1
1322.3
1328.2
1332.8
1333.2
1325.8
1328.0
1326.3
1331.8
1324.7
1340.2
1336.6
1324.4
1333.0
1330.1
1331.3
1332.8
1324.7
1324.7
1335.1
1327.5
1325.6
1332.8
1329.4
1337.3
1325.4
1329.7
1331.8
1335.4
1327.0
1325.8
1329.4
1332.3
1328.0
1334.7
1323.5
1323.0
1323.5
1328.2
1323.9
1321.3
1320.8
1328.9
1334.4
1326.3
1324.2
1326.6
1323.5
1323.9
1336.3
1325.6
1327.5
1325.6
1326.3
1323.9
1330.9
1323.9
1323.5
1318.7
1335.1
1333.2
1324.7
1327.8
1325.1
1326.6
1329.2
1328.7
1323.0
1321.3
1323.5
1332.0
1321.1
1317.5
1314.2
1342.3
1330.4
1322.0
1341.8
1328.2
1323.7
1333.5
1322.0
1322.7
1333.5
1328.0
1325.8
1330.9
1322.7
1333.2
1339.7
1329.2
1323.5
1341.8
1328.0
1326.8
1334.9
1322.7
1334.2
1337.5
1321.3
1323.2
1342.3
1330.1
1325.4
1335.9
1337.5
1330.4
1338.5
1324.2
1324.4
1339.4
1328.7
1321.6
1328.2
1329.9
1328.7
1329.7
1320.1
1326.1
1340.9
1323.5
1321.1
1334.0
1321.6
1328.0
1338.2
1324.4
1318.2
1340.6
1326.6
1323.5
1339.7
1329.4
1324.7
1333.2
1321.6
1325.4
1339.0
1332.0
1320.4
1331.3