5011.7
1166.1
1056.7
1015.8
1004.1
992.2
988.0
988.5
984.2
988.2
983.5
984.4
990.1
979.4
982.0
987.9
979.5
982.9
978.5
979.1
981.8
979.4
981.9
981.2
980.9
976.6
975.6
978.6
980.5
976.4
978.7
980.8
982.6
978.0
973.4
980.6
986.4
981.0
984.4
992.4
986.5
984.2
986.1
983.7
984.6
985.2
983.0
988.2
984.9
987.4
976.8
979.1
977.6
977.7
978.2
975.0
980.5
978.5
976.5
977.1
977.8
978.2
977.8
977.5
978.9
974.5
977.7
977.5
977.8
980.7
977.9
979.3
979.3
979.7
975.7
971.7
982.4
982.9
979.2
977.6
982.5
982.4
976.6
974.1
979.3
978.9
975.0
977.2
978.7
978.1
978.5
981.6
982.4
973.5
981.8
988.5
985.5
980.8
986.4
983.6
985.5
974.4
986.3
988.0
976.3
974.8
977.0
977.7
975.8
974.3
975.3
975.9
980.3
977.7
974.8
977.8
971.7
968.4
975.3
974.7
979.7
981.6
980.8
977.7
979.7
978.9
975.7
992.1
973.2
976.0
975.2
978.6
979.9
978.6
975.4
975.0
977.6
979.9
974.9
978.8
976.4
974.8
978.6
987.1
985.4
978.6
977.7
975.9
986.2
986.8
984.2
987.0
985.2
986.2
985.0
978.3
983.0
977.8
978.1
982.3
979.6
976.0
977.1
975.3
975.0
980.6
979.5
980.2
979.7
974.0
976.2
975.9
978.3
979.4
982.3
980.5
973.5
975.9
978.6
980.4
982.3
978.0
976.8
979.4
972.2
975.1
975.9
976.6
977.0
976.9
975.1
978.5
975.8
976.2
976.1
978.2
976.2
980.6
974.8
984.3
988.2
984.3
982.7
987.4
987.5
991.5
986.9
985.1
988.4
983.7
984.3
979.0
977.7
979.3
979.6
979.4
980.8
977.6
975.7
975.8
979.3
980.0
979.5
976.2
977.8
980.4
973.2
980.5
982.9
975.3
981.6
981.8
982.9
972.2
975.6
975.5
978.6
974.2
973.4
973.8
975.4
978.1
973.2
977.4
979.5
980.0
978.5
973.8
979.4
978.4
1083.4
981.6
975.4
978.6
980.0
981.1
982.0
981.6
976.4
975.9
982.4
976.1
979.3
984.6
986.2
980.4
983.3
985.9
975.8
967.2
975.8
975.9
977.4
977.4
976.6
975.3
972.9
981.7
975.9
979.0
975.7
974.3
976.2
979.9
976.9
974.4
973.8
978.7
975.6
973.8
976.4
970.4
978.8
976.5
973.5
974.8
974.5
973.2
976.1
975.5