82489.7
1257.3
1077.4
1031.8
1014.2
1009.3
1003.7
1007.7
1006.2
1002.5
1001.6
1007.9
1005.6
1005.3
1008.8
1004.3
1005.4
1001.3
994.9
994.4
996.1
996.9
997.0
996.9
995.2
990.3
995.5
988.6
998.3
990.0
989.6
990.4
990.7
991.2
986.8
982.3
986.8
1071.7
1687.3
1396.2
1342.0
1059.7
988.1
987.7
987.0
989.5
988.8
1003.5
992.2
991.8
992.4
994.7
991.6
990.2
993.7
987.3
987.5
986.9
988.4
987.9
986.9
983.2
996.0
999.7
995.2
993.1
992.5
991.5
994.1
989.5
990.3
987.4
991.7
991.1
985.5
994.1
993.1
987.3
986.7
990.8
989.8
986.6
987.9
994.9
988.8
984.5
1026.8
1557.4
1331.1
1070.5
1012.8
1003.4
1002.2
1011.7
1005.1
1006.4
1002.1
999.5
1001.1
1003.2
1002.0
1000.1
1010.7
1018.6
1001.4
992.8
999.3
994.0
990.3
987.0
988.1
995.3
993.7
990.5
989.4
989.3
999.2
1002.1
997.0
996.9
995.8
993.1
997.4
991.4
994.4
997.8
993.6
995.6
991.0
991.9
996.2
988.5
996.3
989.2
990.1
996.7
995.3
994.4
999.0
994.4
992.9
984.0
989.4
988.1
983.5
988.3
987.3
987.6
986.6
978.0
984.1
984.5
977.6
988.7
989.6
983.7
987.0
984.1
986.7
984.1
995.0
982.3
982.7
982.9
984.8
986.9
986.1
986.3
986.3
984.4
987.1
987.3
1006.6
987.7
986.9
985.3
988.1
988.8
991.2
987.9
984.2
986.8
987.9
986.0
984.0
986.4
990.8
984.3
989.4
986.5
989.5
987.2
983.4
986.2
985.4
983.8
989.1
983.3
983.0
986.4
987.5
982.8
986.3
984.9
986.8
988.2
986.8
983.5
985.2
984.2
989.1
987.1
987.6
983.4
981.7
999.6
992.8
991.2
987.5
993.6
991.8
993.0
991.2
989.9
992.0
993.3
994.1
989.0
985.0
986.4
988.0
989.0
977.7
979.2
977.9
980.1
977.4
986.4
977.3
975.7
974.7
981.6
980.2
982.0
978.4
975.6
977.7
979.3
981.1
976.2
985.8
985.3
983.1
983.1
984.8
983.4
987.8
983.6
984.4
986.6
995.7
989.2
990.4
985.1
982.2
984.3
986.7
989.0
989.0
981.4
983.7
986.3
985.9
985.1
981.2
985.3
986.9
983.9
982.3
980.3
983.7
983.8
982.4
982.1
983.2
984.6
989.1
988.9
989.7
987.0
980.3
992.7
988.5
987.4
987.9
996.0
990.5
991.6
993.1
989.3