4644328.6
31956.9
1572.8
1401.7
1339.2
1308.7
1300.6
1293.9
1288.9
1292.7
1284.8
1288.7
1292.2
1291.5
1288.2
1282.7
1285.3
1286.3
1288.2
1286.3
1286.7
1278.4
1282.7
1280.5
1284.8
1279.8
1295.1
1289.1
1290.6
1287.7
1287.0
1287.0
1282.0
1291.0
1280.5
1281.3
1281.5
1286.0
1281.0
1277.0
1284.4
1281.0
1282.9
1280.5
1281.3
1277.7
1283.2
1288.9
1280.5
1278.6
1280.8
1282.9
1282.0
1280.5
1288.7
1280.1
1284.6
1290.1
1286.7
1287.2
1283.4
1299.6
1284.1
1279.8
1283.4
1283.2
1283.6
1283.4
1286.7
1279.1
1276.0
1275.1
1277.9
1287.9
1282.7
1290.3
1276.0
1277.7
1274.8
1277.4
1277.2
1279.8
1290.6
1280.1
1280.5
1282.0
1282.5
1279.8
1278.4
1287.2
1283.2
1278.6
1278.6
1279.1
1278.4
1282.2
1288.7
1285.3
1282.5
1281.5
1277.7
1285.8
1285.6
1281.7
1281.5
1276.3
1277.7
1274.1
1279.8
1278.2
1281.0
1274.1
1280.5
1276.7
1281.5
1278.6
1272.9
1279.1
1272.9
1278.4
1277.2
1283.6
1277.0
1278.2
1279.8
1274.1
1278.4
1272.2
1281.5
1275.8
1275.5
1280.3
1276.7
1276.7
1273.4
1283.9
1273.4
1274.1
1270.5
1280.1
1277.9
1276.7
1277.0
1277.0
1275.8
1275.5
1284.1
1276.0
1280.3
1273.6
1277.2
1275.5
1280.5
1286.5
1277.2
1284.1
1277.9
1274.6
1277.0
1283.4
1290.3
1278.2
1279.6
1275.1
1277.9
1275.3
1274.3
1286.5
1271.0
1280.8
1273.6
1281.3
1274.3
1275.5
1274.8
1275.5
1277.4
1273.6
1284.6
1276.7
1277.9
1278.9
1279.1
1273.9
1274.6
1284.1
1277.4
1274.3
1277.0
1272.2
1272.2
1275.8
1280.1
1279.6
1273.9
1270.1
1287.0
1280.8
1276.3
1277.0
1275.8
1281.3
1277.2
1285.1
1280.1
1278.4
1277.9
1277.9
1277.4
1275.8
1280.1
1279.4
1280.1
1276.0
1276.3
1280.5
1274.1
1284.6
1276.0
1279.4
1275.3
1289.1
1284.6
1278.6
1287.2
1278.9
1278.9
1273.6
1282.0
1274.8
1272.0
1277.9
1277.7
1277.0
1272.9
1281.7
1276.0
1275.3
1276.7
1276.3
1275.3
1273.9
1281.7
1279.4
1277.9
1277.7
1275.1
1278.9
1278.2
1286.0
1278.2
1273.6
1294.6
1291.0
1274.8
1272.7
1284.6
1275.3
1277.2
1272.4
1284.6
1283.4
1273.4
1273.6
1271.5
1272.9
1271.7
1281.0
1274.8
1277.0
1271.2
1277.4
1272.4
1279.4
1282.2
1270.5
1275.3
1272.9
1277.9
1276.5
1268.6
1271.0
1278.2
1277.2
1272.0
1281.5
1281.7
1278.2
1272.7
1276.3
1273.2
1277.0
1281.5
1271.7
1280.5
1277.2
1278.9
1274.8
1272.2
1280.1