1880152.5
32437.3
1607.4
1407.6
1328.9
1326.1
1303.0
1298.2
1291.0
1320.6
1283.6
1289.1
1295.6
1289.8
1290.8
1286.7
1282.0
1285.8
1278.9
1285.3
1278.9
1280.5
1281.7
1278.4
1280.3
1279.1
1295.1
1296.5
1290.8
1314.2
1290.1
1282.7
1285.6
1280.8
1278.6
1278.6
1284.1
1287.7
1278.4
1283.2
1285.6
1278.6
1279.4
1287.0
1280.8
1277.9
1279.8
1285.1
1281.3
1277.9
1285.8
1279.1
1281.3
1282.5
1290.1
1284.6
1283.2
1292.9
1289.8
1288.4
1282.5
1287.9
1279.1
1281.5
1286.7
1283.9
1280.1
1277.7
1281.5
1281.0
1280.3
1289.1
1277.7
1285.1
1288.7
1280.1
1277.4
1276.3
1286.5
1305.1
1286.7
1287.9
1281.5
1281.7
1279.1
1292.7
1279.1
1283.6
1281.3
1275.3
1280.8
1279.4
1290.1
1282.2
1284.8
1282.5
1276.7
1276.3
1282.0
1292.0
1288.7
1284.1
1277.9
1284.8
1274.3
1280.3
1289.4
1276.3
1273.2
1282.2
1283.2
1274.1
1275.1
1283.4
1278.9
1280.1
1278.4
1285.6
1277.2
1277.4
1276.7
1278.9
1277.2
1277.9
1289.1
1274.8
1280.8
1275.1
1273.4
1282.5
1279.1
1289.6
1279.4
1276.0
1272.9
1273.6
1272.9
1273.4
1283.2
1274.1
1274.6
1274.3
1282.9
1275.1
1277.2
1278.4
1275.1
1276.7
1277.7
1285.6
1272.2
1275.5
1271.7
1272.7
1270.3
1274.1
1282.5
1279.6
1279.1
1282.0
1274.6
1277.7
1272.0
1287.5
1275.5
1277.9
1277.0
1283.6
1274.8
1275.5
1273.9
1278.6
1276.0
1277.4
1286.7
1271.2
1276.7
1278.4
1270.5
1274.3
1275.5
1284.1
1276.7
1277.9
1283.4
1275.1
1274.8
1278.4
1282.2
1279.8
1274.8
1272.4
1284.4
1274.1
1271.2
1278.2
1279.1
1272.7
1273.2
1281.3
1275.1
1275.1
1271.0
1279.4
1276.0
1275.5
1283.4
1274.8
1275.1
1282.7
1287.0
1281.0
1274.6
1284.4
1274.1
1276.3
1276.3
1283.6
1275.8
1272.7
1272.9
1274.6
1278.6
1276.5
1285.1
1276.5
1280.8
1278.2
1277.7
1287.7
1279.4
1288.2
1276.3
1278.9
1275.1
1277.4
1279.4
1274.1
1282.0
1273.2
1275.3
1277.2
1292.5
1275.5
1272.4
1281.0
1280.5
1283.2
1281.0
1285.3
1271.7
1279.4
1278.4
1277.2
1276.5
1273.6
1282.2
1274.8
1277.0
1273.2
1274.1
1278.6
1277.9
1284.4
1270.3
1275.1
1275.3
1283.4
1272.2
1275.5
1284.6
1273.4
1277.2
1278.6
1282.2
1272.2
1273.4
1276.5
1277.4
1282.0
1281.3
1285.1
1274.1
1279.1
1277.7
1274.8
1279.1
1276.5
1281.7
1282.2
1275.8
1275.8
1272.9
1275.1
1271.5
1278.9
1272.2
1272.7
1278.4
1284.1