653201.1
9885.8
1211.2
21984.8
6341.9
3744.1
3017.9
1128.9
2893.9
1131.1
1102.9
2873.9
1124.1
1099.1
1100.1
2847.0
1124.1
1105.1
1100.1
1102.9
2862.0
1122.0
1102.9
1104.1
1104.1
2777.8
1109.1
1100.1
1100.1
1104.8
1102.9
2860.1
1119.1
1106.0
1102.0
1097.9
1101.0
1106.0
2861.0
1120.1
1104.1
1107.9
1102.9
1104.1
1102.9
1100.1
2960.0
1112.0
1104.1
1101.0
1101.0
1104.1
1104.8
1098.9
1099.1
2853.9
1126.1
1101.0
1096.0
1105.1
1098.2
1093.9
1102.2
1100.1
1104.8
2791.9
1112.0
1104.8
1107.2
1099.8
1100.1
1105.1
1099.1
1100.1
1096.0
1101.0
2909.9
1117.9
1103.2
1100.1
1102.9
1106.0
1101.0
1097.2
1097.9
1098.2
1102.9
1099.1
2836.9
1120.8
1103.9
1101.0
1100.1
1105.1
1100.1
1097.9
1107.0
1095.1
1103.2
1103.9
1102.9
2899.9
1117.0
1111.0
1097.9
1101.0
1097.0
1100.8
1106.0
1098.9
1097.0
1097.0
1102.9
1106.0
1097.0
2881.1
1117.0
1106.0
1100.1
1102.9
1099.1
1102.0
1105.1
1102.9
1099.8
1100.1
1100.1
1098.2
1104.8
1105.8
2838.9
1116.0
1101.0
1113.9
1100.1
1102.2
1102.9
1097.9
1094.8
1101.0
1104.1
1097.0
1097.0
1099.1
1105.1
1099.8
1097.2
1101.0
1100.1
1097.9
1099.1
1105.1
2843.9
1117.9
1099.1
1101.0
1102.9
1097.9
1104.1
1092.9
1096.0
1099.1
1097.0
1099.1
1105.1
1100.8
1099.8
1092.9
1106.0
1100.1
2878.0
1127.0
1102.9
1102.0
1098.9
1098.9
1096.0
1095.1
1094.1
1099.8
1101.0
1107.0
1097.9
1103.9
1096.0
1105.1
1100.1
1096.0
1101.0
1105.1
1102.0
1097.9
1098.2
1097.0
1107.0
1100.1
2971.9
1112.9
1112.0
1098.9
1097.2
1098.9
1097.0
1101.0
1101.0
1097.9
1097.9
1098.9
1102.0
1102.0
1100.1
1112.0
1095.1
1098.2
1092.0
1101.0
1099.1
1093.9
1100.8
2830.0
1121.0
1098.9
1098.9
1102.2
1103.9
1098.2
1097.0
1098.9
1097.9
1096.0
1100.1
1101.0
1097.9
1104.1
1099.1
1099.8
1099.8
1100.1
1101.0
1099.1
1098.9
1099.8
1098.9
1092.9
1100.1
1098.2
2929.9
1114.8
1102.9
1096.0
1096.0
1106.0
1096.0
1101.0
1098.2
1102.9
1096.0
1100.1
1097.9
1095.8
1097.9
1106.0
1099.1
1096.0
1099.1
1104.8
1104.1
1098.9
1098.2
1097.9
1100.8
1097.0
1093.9
1094.8
1101.0
2883.2
1115.1
1100.1
1105.1
1096.0
1105.1
1102.0
1098.9
1099.8
1103.9
1101.0
1101.0
1102.0
1100.1
1104.1
1098.9
1097.9
1100.1
1095.1
1097.9
1094.1
1106.0
1097.0
1099.1
1105.1