4642875.7
32163.1
1559.3
1409.8
1338.0
1316.8
1323.2
1300.6
1291.5
1289.6
1291.0
1290.6
1289.1
1297.5
1292.5
1289.8
1303.9
1290.3
1289.8
1292.5
1289.1
1287.2
1287.0
1292.2
1287.9
1284.1
1285.3
1282.7
1291.3
1295.3
1296.5
1288.9
1291.5
1292.2
1288.2
1285.3
1282.9
1303.4
1289.4
1289.8
1299.4
1289.4
1292.2
1282.2
1289.1
1291.3
1291.3
1317.3
1298.4
1291.8
1296.0
1290.3
1285.6
1284.1
1289.1
1280.3
1291.3
1298.7
1288.9
1287.9
1298.0
1288.4
1290.6
1289.8
1294.4
1289.6
1284.8
1286.7
1284.8
1284.8
1287.7
1291.8
1285.3
1287.0
1286.7
1279.8
1284.8
1284.1
1292.9
1280.3
1279.1
1285.8
1286.3
1286.0
1279.1
1286.3
1283.2
1287.9
1311.3
1283.4
1281.3
1282.7
1280.3
1280.5
1283.6
1289.4
1308.7
1286.5
1283.4
1282.7
1285.1
1278.9
1291.0
1280.8
1277.9
1282.2
1282.9
1281.0
1281.0
1289.1
1278.6
1277.9
1282.2
1282.7
1280.8
1282.0
1295.8
1280.3
1281.7
1281.7
1285.3
1288.7
1285.6
1287.0
1281.3
1282.0
1277.7
1281.5
1280.5
1278.6
1287.0
1276.0
1277.4
1282.0
1280.5
1276.7
1282.2
1289.8
1280.1
1277.0
1284.8
1279.8
1283.2
1278.4
1286.7
1278.4
1292.0
1285.1
1281.7
1279.1
1278.6
1287.5
1279.8
1277.2
1282.9
1279.1
1278.2
1284.6
1291.3
1286.5
1284.4
1281.0
1281.7
1281.5
1278.9
1282.7
1282.0
1280.8
1277.7
1285.8
1282.5
1284.8
1289.8
1282.0
1281.7
1280.1
1291.0
1279.1
1280.1
1285.1
1282.2
1283.9
1279.8
1286.0
1279.1
1280.8
1286.0
1280.1
1277.9
1288.4
1298.7
1278.6
1278.2
1286.7
1275.8
1277.9
1277.7
1287.9
1277.2
1280.1
1288.4
1284.1
1279.6
1279.4
1324.2
1279.6
1279.6
1282.9
1280.3
1278.2
1272.4
1283.2
1283.6
1277.2
1287.9
1278.2
1282.0
1282.0
1288.4
1274.1
1279.1
1283.9
1283.6
1281.5
1276.3
1282.0
1276.7
1274.8
1283.2
1279.1
1279.1
1280.8
1292.7
1279.6
1276.7
1274.6
1281.3
1278.4
1281.3
1288.2
1279.8
1281.0
1281.5
1279.8
1280.1
1287.7
1288.4
1283.2
1281.0
1280.3
1282.9
1276.7
1277.4
1289.1
1277.7
1279.4
1277.2
1283.6
1279.1
1278.9
1283.9
1282.5
1277.4
1275.3
1278.2
1281.5
1276.3
1292.0
1277.2
1284.6
1278.6
1276.0
1277.9
1275.3
1289.8
1275.3
1282.2
1279.6
1287.2
1278.9
1281.7
1287.7
1275.8
1282.9
1279.8
1287.0
1281.5
1278.2
1287.0
1276.3
1276.7
1277.9
1287.0
1276.5
1277.9
1276.0
1280.8
1277.4
1274.1
1284.6