5710960.4
1595.0
1425.0
1386.2
1377.8
1354.5
1385.0
1360.2
1354.0
1353.5
1339.4
1354.9
1365.7
1349.4
1342.5
1343.0
1340.9
1345.4
1350.2
1339.9
1333.7
1340.2
1347.5
1341.1
1338.0
1335.9
1369.2
1343.5
1338.0
1348.0
1345.9
1342.3
1351.4
1353.7
1348.3
1360.2
1342.1
1340.6
1358.7
1337.5
1331.8
1343.7
1334.4
1338.7
1343.5
1329.4
1330.9
1336.3
1346.8
1344.7
1338.0
1344.7
1358.0
1344.0
1336.1
1346.6
1345.2
1346.6
1349.4
1335.6
1334.0
1347.1
1345.6
1338.5
1343.7
1356.8
1348.3
1348.3
1333.7
1336.6
1342.8
1333.7
1332.8
1333.2
1352.8
1359.2
1348.0
1344.4
1350.6
1339.2
1333.5
1342.3
1347.1
1339.7
1342.3
1337.3
1342.3
1350.2
1339.2
1331.1
1337.8
1342.3
1335.4
1343.7
1328.5
1329.2
1352.3
1454.1
1367.3
1358.5
1346.6
1346.6
1334.7
1345.6
1350.6
1338.7
1336.3
1346.6
1347.5
1343.5
1337.8
1335.6
1342.5
1338.5
1333.5
1358.5
1346.1
1337.1
1341.3
1331.3
1341.1
1363.8
1350.4
1356.8
1364.2
1339.2
1338.5
1347.8
1345.2
1335.6
1348.0
1335.4
1329.4
1350.2
1344.7
1330.1
1332.3
1333.2
1328.0
1344.0
1336.3
1344.0
1337.3
1340.2
1342.3
1333.5
1331.3
1349.9
1339.2
1345.6
1342.3
1331.3
1324.7
1345.9
1335.1
1332.5
1348.5
1339.7
1333.2
1346.8
1346.6
1335.9
1343.7
1332.8
1328.7
1351.4
1337.8
1335.1
1345.2
1330.6
1332.3
1340.9
1334.2
1349.4
1355.6
1344.4
1350.9
1338.0
1352.8
1350.9
1338.7
1330.6
1334.7
1329.4
1343.0
1342.1
1337.5
1333.2
1341.3
1327.3
1340.9
1342.1
1348.0
1373.1
1366.4
1339.0
1337.5
1344.9
1352.5
1361.8
1336.1
1361.1
1360.2
1352.3
1342.5
1345.4
1332.8
1335.6
1358.0
1343.5
1350.9
1353.0
1335.1
1332.3
1339.0
1349.4
1338.2
1346.6
1331.8
1336.1
1333.7
1332.0
1332.5
1335.4
1324.4
1321.6
1326.6
1335.1
1325.8
1332.0
1325.1
1325.8
1337.1
1337.1
1334.0
1329.2
1339.4
1331.1
1331.8
1335.6
1339.2
1343.0
1340.9
1349.7
1351.4
1337.1
1344.7
1342.5
1354.0
1352.3
1338.7
1334.9
1352.1
1341.8
1337.3
1342.3
1330.1
1329.7
1351.4
1335.4
1336.6
1340.6
1349.2
1337.3
1340.4
1341.6
1339.7
1341.6
1332.3
1349.2
1346.8
1336.1
1344.4
1331.3
1342.3
1351.6
1335.6
1335.6
1338.0
1338.7
1332.8
1341.1
1331.8
1340.6
1345.6
1330.6
1330.6
1350.4
1334.4
1331.6
1341.1
1336.6
1344.4
1338.5
1340.6
1339.0
1345.2
1328.9
1329.4
1331.3