196522.0
3262.3
2882.0
2836.0
2812.4
2759.2
2776.4
2691.7
2683.6
2707.7
2655.3
2677.4
2740.9
2773.3
2711.3
2708.9
2713.2
2729.4
2770.4
2679.8
2716.1
2736.3
2815.5
2686.7
2680.8
2687.2
2726.3
2677.7
2656.5
2699.9
2673.9
2695.3
2698.4
2655.7
2632.9
2720.4
2690.3
2674.8
2687.7
2678.2
2747.1
2701.3
2729.4
2744.7
2697.9
2638.8
2926.3
2761.8
2753.3
2722.5
2726.6
2669.6
2649.8
2656.7
2739.2
2668.4
2673.4
2656.5
2686.5
2730.4
2750.4
2735.6
2686.7
2672.7
2721.3
2752.3
2690.6
2662.7
2647.4
2753.0
2688.9
2661.9
2663.6
2704.6
2741.3
2662.4
2741.6
2690.8
2699.4
2746.6
2768.3
2711.3
2669.6
2715.8
2671.0
2687.0
2670.5
2641.2
2697.2
2734.2
2734.7
2727.0
2650.5
2804.5
2689.6
2718.7
2746.3
2703.7
2707.5
2744.0
2690.8
2677.4
2673.4
2665.3
2683.9
2667.7
2684.6
2687.9
2749.2
2761.8
2671.0
2766.4
2710.6
2726.1
2701.3
2671.7
2652.9
2679.6
2749.2
2706.8
2684.1
2661.0
2654.3
2717.5
2735.6
2786.4
2755.6
2707.7
2673.6
2754.4
2744.4
2723.0
2725.4
2744.9
2724.6
2738.2
2752.8
2761.6
2739.7
2685.1
2719.4
2677.2
2760.4
2686.3
2707.7
2742.1
2750.2
2764.0
2713.4
2764.9
2704.6
2757.5
2768.5
2695.1
2657.7
2744.9
2673.9
2712.2
2748.3
2759.5
2737.5
2731.6
2736.1
2673.1
2718.4
2708.9
2784.3
2741.3
2722.3
2660.5
2651.5
2720.8
2772.3
2708.0
2745.4
2735.6
2751.4
2687.2
2664.8
2648.1
2764.5
2687.2
2666.2
2655.7
2659.1
2673.6
2717.0
2669.3
2712.0
2723.2
2766.1
2674.8
2685.8
2738.7
2759.7
2767.1
2756.6
2679.1
2733.5
2632.6
2686.0
2679.8
2639.3
2670.5
2650.3
2691.5
2689.1
2740.6
2737.0
2689.4
2658.6
2726.6
2735.9
2739.9
2763.7
2684.1
2737.0
2759.2
2713.9
2743.0
2751.1
2751.6
2681.3
2666.0
2660.8
2746.6
2757.8
2717.5
2690.6
2769.5
2756.1
2669.6
2677.4
2745.6
2758.5
2715.8
2674.8
2745.9
2723.9
2670.0
2657.9
2697.9
2746.8
2735.9
2775.2
2690.6
2719.6
2766.8
2759.9
2751.6
2755.9
2691.3
2651.2
2714.4
2666.7
2631.2
2695.1
2658.4
2715.6
2652.6
2732.8
2679.3
2627.4
2719.9
2707.0
2662.9
2643.1
2642.4
2695.3
2718.7
2656.0
2694.1
2727.3
2752.3
2739.2
2727.3
2743.2
2677.4
2666.5
2726.8
2746.8
2709.4
2739.9
2723.2
2722.7
2687.5
2677.0
2714.4
2763.3
2759.7
2724.4
2681.3
2672.7
2666.2
2679.1
2749.9
2748.0
2692.0
2672.7
2688.9