2134.8
299.1
202.8
179.9
174.4
167.6
164.3
163.3
162.9
173.9
161.2
159.0
160.3
158.9
156.8
159.4
159.6
159.0
159.6
157.4
145.4
152.6
148.2
148.0
147.4
147.0
149.1
144.5
148.0
149.3
145.7
146.0
146.5
148.4
147.2
156.9
144.9
146.9
143.4
143.8
142.9
140.4
151.8
142.1
141.3
143.4
143.2
142.0
140.6
151.4
137.8
136.4
136.5
138.3
137.1
132.1
147.1
136.0
138.4
137.2
136.5
134.7
135.0
147.9
137.9
130.0
135.6
136.7
136.2
135.3
136.9
136.6
134.5
135.5
136.9
131.6
135.9
137.8
136.0
135.5
135.4
134.3
134.8
134.3
133.0
141.6
133.4
130.5
133.8
134.8
133.2
134.8
144.9
134.6
134.4
133.2
132.7
134.2
134.3
137.6
135.0
130.7
132.8
134.2
134.9
135.1
133.7
147.7
134.7
128.8
135.6
133.6
134.0
134.2
148.6
134.8
133.8
133.4
132.5
135.5
132.2
135.5
136.3
134.2
132.6
132.7
132.9
133.8
145.5
131.6
133.6
133.1
133.7
132.8
132.7
129.8
145.5
132.4
133.4
134.8
131.2
132.8
131.9
134.7
133.0
138.9
133.4
133.4
131.9
126.9
131.6
143.1
134.8
131.1
133.7
131.7
131.6
132.1
142.5
134.4
132.3
134.6
132.4
131.9
131.5
134.5
134.7
133.7
133.5
132.0
134.4
131.1
131.3
138.8
132.1
134.1
133.6
129.2
134.7
133.0
133.9
135.1
135.2
131.7
132.9
133.1
131.5
133.2
145.6
133.4
133.8
132.5
131.8
139.0
132.2
144.5
133.4
133.3
133.5
133.3
135.1
129.4
133.0
134.4
132.0
133.5
133.5
132.2
132.2
134.4
142.3
132.5
132.6
132.9
132.8
133.0
134.3
143.8
133.9
132.8
132.2
131.7
131.9
133.5
135.5
133.3
131.7
132.2
131.1
128.9
132.2
131.9
142.0
129.0
130.8
132.3
131.9
133.3
132.1
133.4
132.9
131.7
132.0
131.8
130.7
131.8
132.6
144.7
131.8
131.7
131.4
133.2
132.1
134.3
133.2
133.8
133.2
132.4
131.9
133.2
132.2
131.5
134.0
133.1
130.4
132.0
132.4
131.9
133.0
144.7
132.4
133.3
131.5
132.6
131.8
132.6
135.1
134.0
132.3
132.2
133.1
132.7
130.9
132.7
141.5
131.5
133.0
132.9
132.9
131.8
130.5
133.1
132.9
132.0
133.3
131.3
131.8
127.9
131.7
142.0