167893.9
34000.9
8848.0
2620.0
28879.2
3145.0
188.8
2549.9
205.0
169.0
2480.0
181.9
162.1
154.0
147.1
149.0
233.9
150.0
212.0
147.1
185.0
159.0
188.1
140.9
187.2
145.9
194.1
144.0
180.0
145.0
193.1
145.9
180.0
146.2
191.0
145.0
191.0
150.9
184.8
145.2
183.8
144.0
191.9
145.0
177.1
152.8
181.9
153.1
186.9
145.0
186.0
142.8
179.1
152.1
191.9
142.8
177.9
143.1
185.0
145.2
184.8
145.9
184.1
143.1
179.1
150.9
196.9
145.0
181.0
143.1
185.0
150.2
187.9
143.1
201.0
151.9
182.2
141.9
196.0
150.0
178.1
143.1
186.9
150.9
189.1
142.1
182.9
151.9
186.0
142.8
193.8
148.1
193.1
145.0
193.1
149.0
197.2
148.1
190.0
155.9
186.9
160.9
191.9
151.9
184.1
152.1
201.9
157.1
186.0
148.1
193.1
157.8
185.0
168.1
195.0
148.1
189.1
150.0
192.9
159.0
185.0
145.0
184.1
143.1
181.0
151.2
178.8
145.9
179.1
150.9
188.1
159.0
179.1
145.0
183.1
145.0
179.1
153.1
201.0
145.0
179.1
150.9
184.1
153.1
180.0
152.1
190.0
143.1
183.8
160.9
183.1
142.8
178.8
150.9
196.9
145.2
176.9
152.1
184.1
145.9
179.1
154.0
186.0
145.0
176.9
144.0
185.0
160.0
181.0
150.9
186.2
143.1
180.0
151.9
183.1
144.0
181.0
152.1
186.9
160.0
177.9
150.9
185.0
143.1
179.1
150.9
193.1
145.9
181.0
144.0
196.0
145.0
179.1
150.0
191.0
144.0
183.8
141.9
184.1
145.2
179.8
152.8
203.1
155.0
200.0
151.9
190.0
155.9
189.1
152.1
186.0
143.1
180.0
143.1
195.0
145.0
177.9
151.9
184.1
145.0
186.0
143.1
185.0
145.0
179.1
150.9
209.1
144.0
176.9
152.1
186.9
144.0
191.0
142.1
196.0
143.1
178.1
150.9
195.0
145.2
176.9
142.1
191.9
141.1
186.9
144.0
182.9
155.9
176.9
152.1
202.9
144.0
179.1
145.2
182.9
144.0
189.1
144.0
192.2
145.0
184.1
144.0
191.9
146.2
176.9
150.2
216.0
145.0
186.0
144.0
181.9
152.1
176.9
145.0
199.8
150.9
177.1
151.9
184.1
152.1
186.9
144.0
191.0
142.8
178.1
144.0
193.1
150.0
180.0
145.2
190.0
145.9
194.1
151.9
183.1
152.1
176.9
140.2
200.0
143.1