169609.1
34375.2
8771.9
2630.0
28649.1
3140.9
191.0
2542.0
204.1
168.1
2522.9
185.0
161.9
160.9
146.2
150.9
233.2
150.0
227.9
145.9
183.1
145.9
191.0
143.1
192.2
155.0
185.0
144.0
180.0
153.1
188.1
152.1
181.9
142.1
185.0
153.1
182.9
152.1
181.9
145.0
186.0
143.1
187.9
144.0
177.9
157.1
184.1
145.0
183.1
151.9
185.0
145.0
176.0
155.0
185.0
142.1
177.1
144.0
184.1
152.8
191.2
141.9
186.9
142.1
184.1
144.0
210.0
151.9
178.8
142.1
186.0
151.2
185.0
144.0
182.9
142.8
177.9
143.1
193.1
150.9
188.1
150.9
184.1
150.0
181.0
153.1
183.8
145.0
178.1
150.9
188.1
150.0
186.9
148.1
190.0
157.1
188.1
156.9
189.1
149.0
183.1
158.1
194.1
150.9
185.0
150.0
188.8
164.0
187.2
158.1
188.8
143.1
176.2
152.8
187.9
143.1
180.0
150.9
182.2
150.0
195.0
152.1
182.9
141.9
177.1
158.1
187.9
144.0
176.9
143.1
201.0
154.0
179.1
153.1
184.1
144.0
176.9
150.2
192.9
145.0
176.9
144.0
183.1
150.9
182.2
141.9
181.0
145.9
176.2
155.0
189.1
144.0
181.0
152.1
181.9
154.0
179.1
145.2
185.0
141.9
186.9
151.9
186.9
144.0
176.2
155.0
181.0
153.1
181.0
151.2
181.9
144.0
178.8
150.0
186.0
143.1
185.0
150.9
184.1
153.1
181.0
145.0
186.2
144.0
177.9
158.8
187.2
145.0
179.1
143.1
186.0
154.0
187.2
150.9
199.1
157.1
186.0
156.9
196.2
150.0
196.0
159.0
198.1
158.1
202.9
154.0
196.0
144.0
193.1
152.8
186.0
143.1
177.9
141.1
196.9
144.0
181.0
150.9
191.0
150.9
190.0
142.1
186.9
144.0
179.1
150.0
191.2
150.9
181.9
141.9
186.2
155.0
191.0
151.9
187.9
151.2
181.9
143.1
197.2
144.0
186.9
143.1
185.0
143.1
194.1
144.0
189.1
153.1
178.8
152.1
191.9
144.0
181.9
152.1
186.0
152.1
179.1
151.9
212.2
144.0
176.9
150.2
185.0
144.0
180.0
143.1
182.9
152.1
179.1
142.1
195.0
155.9
180.0
151.9
182.2
145.0
179.1
150.9
191.0
149.0
189.1
144.0
184.1
145.0
178.1
154.0
192.9
143.1
184.1
151.2
185.0
150.9
176.0
150.9
196.0
152.1
179.1
150.0
187.2
151.9