4124468.6
654.0
472.1
423.9
417.0
395.5
383.4
400.1
376.0
393.4
388.1
382.9
386.7
378.4
385.3
374.1
370.5
382.9
376.7
369.8
383.6
368.1
376.5
373.4
371.9
378.4
378.4
371.7
384.6
366.0
387.2
370.0
367.4
377.2
368.8
366.9
384.6
368.4
378.6
375.0
368.4
380.3
376.0
369.5
388.6
375.7
378.8
372.6
375.3
381.0
372.9
377.7
373.6
367.9
385.5
369.5
368.1
396.3
377.2
381.7
373.4
371.2
380.3
370.5
369.5
382.4
367.2
372.9
369.8
366.9
381.0
371.2
365.7
387.0
376.0
443.7
409.6
381.2
394.1
373.6
387.9
367.9
365.3
380.5
369.1
363.1
379.6
377.2
383.1
376.7
367.4
379.8
372.4
368.4
380.5
369.5
376.5
369.8
366.7
379.8
367.9
371.0
384.6
368.6
375.7
366.2
367.4
382.9
371.2
367.2
377.4
363.3
377.2
367.4
367.2
379.3
370.7
374.6
382.9
368.6
385.5
371.7
366.2
380.0
369.3
364.5
374.1
366.9
374.6
380.8
371.7
387.2
367.9
376.9
368.6
370.3
373.8
367.9
363.1
378.1
367.2
374.6
369.1
373.1
381.2
370.5
369.1
377.9
366.2
382.2
368.6
367.2
375.0
370.0
371.7
383.1
368.4
378.4
372.6
366.0
376.9
371.9
366.2
376.7
365.5
371.7
369.1
365.0
374.3
364.8
367.2
384.8
375.0
379.3
374.3
370.5
376.2
367.4
366.9
379.3
371.9
378.1
370.0
367.4
380.0
370.3
367.6
378.1
366.9
366.9
369.1
365.3
374.1
367.2
366.4
378.6
374.1
370.0
380.0
371.5
377.9
370.0
367.2
380.5
366.2
364.3
379.6
364.5
377.7
372.6
368.1
381.7
373.8
369.8
381.7
366.4
379.3
367.9
368.4
378.8
367.4
363.1
378.4
366.2
376.9
365.0
364.8
376.0
368.8
370.7
383.4
369.5
377.2
370.3
366.2
380.0
367.6
367.9
388.9
370.3
381.7
370.0
367.6
375.5
376.9
365.7
563.6
379.1
394.3
372.6
383.4
370.3
365.7
377.2
368.8
366.2
381.0
367.9
380.0
373.4
368.4
381.0
367.9
366.9
379.8
368.1
377.4
370.0
367.2
385.3
370.0
365.5
379.3
369.1
379.6
367.2
363.3
374.8
365.0
365.3
379.3
371.2
379.3
369.1
365.7
377.9
373.6
365.5
377.9
365.0
374.6
369.3
368.6
377.2
368.6
366.2
378.8
372.6
377.9
372.2