84166.1
450.8
242.4
200.9
180.1
187.9
172.1
168.3
165.8
163.7
163.3
183.4
159.7
163.1
163.0
160.8
159.0
173.7
153.4
150.5
156.0
152.3
152.0
161.0
151.7
152.0
152.8
150.1
149.7
256.3
696.6
403.6
295.1
191.0
182.5
193.4
175.6
175.0
172.1
172.3
170.6
172.6
170.3
173.8
170.6
174.1
169.9
175.4
170.7
169.5
165.4
171.3
182.6
170.8
170.5
165.9
167.1
155.8
151.8
144.5
141.6
142.3
139.0
140.4
141.8
149.5
142.2
140.8
138.2
139.5
140.6
139.2
148.2
142.2
140.2
135.5
140.5
140.1
137.7
148.8
137.9
136.5
134.7
137.7
138.9
137.3
145.5
132.2
137.3
135.7
136.2
136.4
135.4
138.5
137.5
137.8
137.3
134.1
133.5
137.5
136.5
131.6
134.4
133.6
135.2
133.8
133.9
135.0
143.5
132.6
133.4
134.2
134.0
136.1
134.9
140.9
134.5
132.3
134.4
133.0
132.3
133.3
137.1
133.5
136.5
133.5
132.8
132.4
134.3
130.1
143.4
131.6
133.8
135.4
138.3
133.9
133.3
143.0
132.7
132.6
133.4
134.0
132.8
132.2
135.1
137.1
135.5
136.3
133.3
129.4
133.4
134.0
144.0
132.0
133.9
138.0
128.9
133.4
135.5
145.2
134.0
131.8
130.7
132.9
132.8
134.3
132.4
134.6
133.1
133.8
134.1
133.9
132.6
129.2
141.1
136.1
131.8
127.2
133.4
134.7
131.1
134.6
133.9
136.6
135.5
131.4
132.7
131.9
134.4
135.5
133.3
135.1
132.5
133.8
132.0
133.8
141.7
135.4
219.4
699.1
408.9
358.7
321.5
299.9
303.1
317.7
184.1
143.9
145.2
144.3
149.4
142.9
140.3
139.6
138.2
139.9
142.3
144.7
142.8
139.3
139.6
140.0
140.5
138.9
147.1
141.3
145.6
142.6
139.2
141.2
140.8
155.2
138.9
133.3
139.0
139.4
139.3
142.6
151.0
140.9
140.9
137.6
139.4
140.0
137.9
141.6
139.6
139.3
141.4
141.4
139.6
134.9
135.4
140.5
136.1
136.1
135.6
136.2
134.5
133.8
137.8
131.4
137.2
135.1
136.2
133.0
134.1
135.7
134.1
130.4
133.4
133.0
134.1
133.5
137.6
136.1
134.9
134.0
135.9
131.7
135.0
141.1
139.6
132.7
134.0
133.1
133.9
132.9
134.0
139.4
136.3
133.0
132.7
132.9
133.4
132.5
132.0
133.0
135.0
135.1