1518396.6
29551.3
523.6
304.5
260.4
225.1
216.2
212.2
223.2
215.5
210.3
209.1
206.9
218.6
207.7
200.0
200.0
199.1
201.7
199.6
201.5
199.3
198.8
202.7
199.6
204.3
207.2
215.3
204.1
203.8
199.6
199.8
211.2
198.1
199.1
199.6
205.0
215.8
201.5
203.8
201.0
204.8
214.3
200.5
199.3
200.0
204.3
212.2
201.2
205.0
201.5
199.8
202.2
203.1
201.7
198.4
199.6
204.3
199.8
199.6
200.0
199.3
200.7
197.6
197.6
199.3
198.8
198.8
199.8
199.8
198.1
202.2
203.8
201.7
199.6
198.8
211.7
202.2
199.8
198.4
200.0
211.2
200.3
198.8
198.4
199.6
209.3
200.5
198.8
201.5
199.8
211.7
199.8
206.2
204.3
202.4
212.7
203.4
199.1
197.9
198.1
215.1
200.7
198.6
199.1
202.4
203.1
199.3
198.8
199.8
202.7
205.3
201.7
198.8
213.4
301.8
240.8
208.1
202.7
201.9
208.1
201.7
199.8
201.2
196.2
201.7
198.4
196.7
198.6
197.4
198.6
197.6
194.8
198.8
197.6
205.3
197.4
195.7
195.3
195.0
200.3
196.2
194.8
196.2
195.7
197.9
194.5
194.5
193.6
195.3
197.2
194.8
192.6
195.7
199.1
200.3
196.9
197.2
194.8
198.8
197.4
195.5
193.8
196.2
194.3
206.7
196.5
196.0
194.5
193.8
207.4
193.8
195.5
195.0
192.9
206.0
195.5
194.3
192.9
195.0
208.6
196.2
193.8
192.9
194.5
206.9
195.0
196.2
193.8
195.3
206.7
196.0
194.1
194.5
196.7
209.6
200.5
200.3
198.6
196.5
208.6
194.8
193.4
198.6
195.5
208.9
195.5
196.9
193.8
195.5
210.0
196.0
196.7
195.7
195.0
200.3
196.2
196.0
196.5
203.6
200.7
198.6
198.4
198.6
196.2
197.6
198.8
194.5
197.2
200.0
198.6
199.1
195.7
198.4
196.2
198.6
197.6
195.5
196.9
202.7
195.0
197.2
197.4
195.5
204.6
196.9
195.5
205.0
201.0
200.5
203.4
196.5
195.5
196.0
198.4
198.6
196.0
198.6
196.9
197.4
199.1
198.1
195.7
194.8
195.7
200.3
196.0
195.0
196.9
198.4
196.5
197.2
197.6
197.6
199.6
201.9
197.4
196.9
197.2
196.9
196.9
194.3
195.7
194.5
194.1
196.7
198.1
196.0
197.6
205.5
198.8
195.5
195.5
196.2
205.3
196.2
195.7
202.4
197.2
197.2