4151065.6
659.5
453.5
414.6
387.7
390.8
378.1
367.9
380.8
372.9
368.4
391.2
369.5
392.2
405.3
371.2
378.1
366.4
375.3
366.9
361.7
370.5
358.8
357.6
367.2
358.6
366.7
370.3
365.5
372.4
361.7
358.6
368.4
355.7
354.3
364.5
359.1
356.7
367.6
358.6
369.5
360.0
360.0
366.7
358.3
350.5
363.8
359.8
364.8
375.0
357.9
364.5
356.4
354.5
369.5
358.8
356.9
381.2
359.3
361.7
368.1
351.9
364.1
360.0
357.9
372.4
358.8
353.1
364.3
355.7
370.7
357.9
355.5
363.3
356.0
352.9
363.1
353.6
361.4
370.5
358.3
362.9
359.8
355.7
362.2
354.1
353.6
365.7
359.3
361.0
368.8
361.4
356.2
366.2
353.3
366.4
355.0
358.3
371.0
360.0
357.4
367.6
356.0
360.7
356.9
354.5
365.3
358.3
352.4
361.2
354.8
355.5
364.3
355.0
350.5
365.3
360.5
368.6
358.6
355.5
374.8
357.9
356.7
365.0
356.4
358.3
368.1
356.0
364.5
357.4
356.2
367.9
353.3
357.2
365.7
355.2
351.0
363.8
353.3
363.1
356.0
355.2
364.3
356.0
355.2
362.4
356.0
356.2
368.6
358.1
362.9
356.4
355.0
366.4
353.1
354.5
361.9
359.3
356.0
366.7
355.2
355.2
367.2
358.8
364.1
355.2
351.9
368.6
361.0
355.2
367.4
356.4
353.1
362.9
351.7
359.5
352.1
354.8
358.1
349.0
350.7
366.2
353.3
354.3
370.3
353.6
356.2
362.2
349.3
369.3
365.3
357.9
363.8
355.7
354.1
359.5
359.8
353.1
363.8
354.8
365.0
357.6
356.2
555.8
443.2
389.8
366.2
356.9
374.8
358.3
366.9
359.5
353.8
364.8
357.2
351.7
364.8
359.1
354.8
366.2
359.1
357.2
358.8
352.9
361.2
355.0
357.9
364.1
358.8
354.1
362.6
356.2
354.8
453.0
364.1
369.5
358.3
354.1
361.0
353.1
354.8
365.0
351.4
359.1
352.9
351.4
364.1
361.0
358.6
363.8
354.1
356.0
362.6
350.0
351.0
362.4
351.0
361.9
354.5
354.8
361.4
351.2
350.2
364.5
359.3
352.1
364.3
355.0
370.0
360.3
355.0
364.1
357.9
353.3
361.7
353.1
352.4
366.9
361.0
365.5
359.3
352.4
367.4
354.8
354.1
362.2
353.6
351.2
364.1
353.8
351.4
369.1
354.3
367.4
354.3
354.1
363.6
358.1
350.5
361.0