1379762.4
2365.1
1955.5
1843.9
1811.5
1801.3
1792.0
1769.8
1802.2
1769.5
1757.4
1804.1
1814.4
1824.1
1780.7
1767.2
1801.5
1745.5
1777.6
1811.5
1758.1
1763.1
1772.2
1760.7
1819.8
1818.4
1750.0
1802.0
1762.6
1762.2
1800.1
1751.2
1779.8
1779.6
1728.3
1793.6
1784.3
4221.0
1929.8
1808.6
1770.3
1824.4
1759.5
1755.2
1835.6
1817.2
1763.8
1760.7
1766.2
1805.3
1813.2
1750.2
1775.5
1802.0
1797.0
1772.4
1754.3
1809.8
1772.9
1750.7
1809.6
1800.5
1802.4
1783.8
1780.7
1774.1
1802.2
1752.9
1792.4
1824.9
1792.9
1756.4
1794.3
1764.8
1780.7
1817.7
1783.1
1758.6
1835.8
1777.2
1807.5
1817.2
1762.4
1780.7
1789.8
99274.2
1936.0
1918.1
1775.3
1776.7
1747.6
1768.4
1823.7
1778.6
1745.7
1812.7
1792.7
1777.2
1768.6
1771.5
1758.8
1788.1
1781.7
1738.3
1828.2
1780.0
1766.2
1828.0
1759.3
1764.1
1801.0
1763.3
1789.8
1737.1
1792.7
1820.8
1786.0
1769.8
1807.0
1818.4
1761.0
1783.6
1817.2
1833.9
1766.2
1810.3
1773.1
1779.3
1810.8
1796.0
1779.3
1763.1
1818.2
1816.7
1797.0
1775.7
1809.1
1819.6
1756.2
1763.1
1787.9
1776.9
1764.3
1748.3
1813.9
1780.3
1762.2
1796.0
1784.3
1787.7
1776.7
1812.9
1759.3
1789.6
1799.8
1753.3
1819.8
1786.9
1766.9
1762.6
1803.6
1778.6
1804.1
1748.1
1809.1
1787.9
1749.5
1821.8
1775.5
1764.8
1812.2
1801.7
1810.1
1822.7
1761.9
1830.8
1803.4
1809.6
1791.7
1758.8
1821.3
1793.6
1770.7
1785.3
1785.8
1790.3
1745.5
1810.3
1792.9
1787.9
1763.8
1785.5
1799.8
1785.0
1760.5
1767.9
1773.4
1772.4
1767.9
1817.5
1762.2
1792.4
1771.9
1771.0
1823.2
1773.8
1767.6
1817.5
1813.4
1782.4
1761.4
1816.0
1805.5
1744.0
1794.1
1773.1
1816.0
1767.4
1780.7
1815.8
1803.2
1806.3
1779.8
1774.8
1806.7
1767.2
1791.7
1818.2
1802.7
1762.6
2057.3
1820.6
1796.5
1807.2
1792.7
1784.1
1734.5
1766.0
1808.2
1825.1
1800.8
1754.5
1762.4
1783.1
1777.4
1768.4
1765.5
1796.7
1762.6
1785.3
1766.7
1891.1
1796.2
1784.6
1767.2
1780.3
1762.2
1846.6
1835.6
1791.0
1731.9
1864.7
1782.4
1762.6
1775.5
1774.1
1889.2
1746.4
1782.9
1800.3
1739.7
1827.7
1824.4
1753.8
1768.8
1824.1
1791.7
1811.7
1752.6
1777.4
1814.8
1766.2
1796.5
1818.2
1761.2
1809.6
1790.3
1752.6
1828.7
1771.7
1743.6
1825.6
1803.6
1783.1
1811.7
1757.6
1820.1
1791.5
1746.9
1819.6