2128.2
304.4
202.4
170.7
179.4
171.4
165.8
162.5
162.4
158.6
172.0
159.1
157.2
159.7
147.8
147.6
147.5
158.8
146.7
147.0
147.6
145.9
148.2
153.3
146.4
146.6
146.5
148.4
146.5
146.6
148.6
147.7
146.7
145.4
149.8
146.8
146.7
160.2
137.0
136.0
136.4
138.5
136.7
136.1
139.2
135.2
135.3
134.2
138.7
136.7
136.1
137.4
134.8
135.6
138.2
130.8
138.0
135.5
142.6
137.1
136.3
134.7
134.1
133.9
137.1
129.6
146.1
134.6
133.2
134.4
132.8
134.2
133.6
138.5
134.7
128.1
132.4
135.6
132.2
135.2
136.4
135.4
133.6
134.8
133.4
133.4
134.7
134.9
147.5
135.1
133.5
133.1
131.2
133.3
133.3
146.2
135.9
135.5
132.4
131.9
131.4
127.6
134.7
133.8
132.7
132.0
132.6
131.5
131.2
128.7
138.6
132.0
134.7
131.5
132.2
131.9
131.6
135.6
133.0
131.8
133.0
132.7
134.3
133.0
131.5
144.6
134.1
134.0
133.1
128.7
132.0
131.5
137.1
134.2
133.8
128.1
132.2
133.8
133.4
134.8
132.9
134.5
132.5
133.2
131.7
136.7
132.9
142.0
133.2
129.8
134.6
134.0
132.6
132.3
133.0
129.5
131.4
133.2
135.3
132.8
135.2
136.9
134.5
134.2
130.9
132.9
133.1
132.9
131.1
136.6
132.9
133.5
131.8
129.3
133.6
132.7
134.3
128.9
135.0
133.5
133.1
132.0
132.6
131.0
144.3
134.8
131.6
132.1
132.1
132.6
134.0
134.0
131.9
134.5
130.6
132.2
133.3
133.5
133.8
134.9
133.5
127.1
132.0
132.2
131.5
131.7
132.5
133.1
131.7
131.6
130.2
131.7
132.4
132.4
134.6
131.3
132.0
131.2
133.0
133.3
131.7
142.9
132.7
130.7
130.5
133.0
134.1
132.3
134.1
128.3
131.6
131.7
133.2
126.3
132.5
133.7
142.3
133.0
132.2
131.0
132.1
134.0
132.1
133.8
132.8
131.6
133.7
131.4
131.0
132.1
132.7
143.5
132.2
132.1
131.7
130.8
130.8
132.7
134.0
134.0
132.1
127.5
131.9
130.7
133.8
133.3
143.2
133.7
131.5
128.2
133.9
132.4
132.4
137.0
133.6
133.7
132.3
132.6
131.7
131.9
134.0
135.4
134.0
132.7
133.5
132.6
133.6
132.7
135.2
133.6
132.2
130.9
131.4
132.1
134.3
132.8
134.4
128.0
132.8
132.2