1511163.7
935.8
531.7
427.0
419.9
421.0
388.9
391.0
377.7
374.8
402.2
389.6
387.2
374.8
377.4
377.9
367.2
371.2
377.4
368.8
377.2
365.5
364.8
376.7
371.9
379.3
377.2
366.2
380.5
361.7
359.1
374.3
361.7
359.5
378.1
358.6
369.3
371.9
366.9
377.4
367.2
362.6
374.6
360.7
366.4
359.1
363.3
375.7
365.0
361.0
372.2
358.8
366.7
361.7
358.8
368.1
361.0
376.7
382.7
362.9
360.3
374.1
357.9
365.5
355.2
355.5
368.1
354.3
354.3
364.3
361.7
355.5
369.5
354.8
362.9
360.7
354.1
366.7
359.1
354.8
365.7
355.2
353.1
371.9
356.7
361.0
357.9
361.9
367.6
365.5
360.5
367.6
357.6
355.0
371.7
364.1
373.6
364.5
358.3
368.4
359.8
360.7
369.5
357.4
353.6
370.5
359.5
368.6
356.9
356.0
364.8
360.3
356.9
368.1
358.8
360.5
370.3
365.7
373.8
362.9
368.1
368.4
356.9
359.3
371.0
360.0
364.8
367.6
359.1
370.3
353.6
353.8
369.3
360.3
357.9
369.5
353.1
365.5
358.1
356.9
366.7
357.6
352.1
366.0
360.5
355.7
366.2
361.4
371.7
362.4
354.8
364.3
356.7
362.6
371.7
369.1
364.3
377.7
365.0
370.7
368.1
366.4
373.4
363.8
360.5
374.1
363.3
371.7
363.8
360.0
373.1
362.9
365.5
378.6
370.0
379.8
363.1
367.2
374.3
361.7
360.0
370.7
357.9
357.9
370.0
359.5
367.4
359.8
360.0
371.7
357.6
354.1
366.4
357.6
358.1
371.2
355.0
364.5
359.5
361.9
366.7
361.2
359.3
375.5
358.1
358.1
366.2
355.5
367.4
361.9
354.8
363.8
356.0
355.7
370.7
358.6
357.2
371.2
358.8
365.7
359.1
356.0
368.4
358.3
360.7
370.3
361.7
358.8
370.0
357.2
371.7
357.9
360.5
365.0
354.3
358.6
371.2
356.7
355.2
366.7
358.3
372.9
365.3
355.2
368.1
355.5
355.0
374.8
358.1
356.7
359.5
361.2
368.6
358.1
355.5
367.9
359.8
361.2
372.2
357.9
371.0
359.8
354.3
368.8
361.0
356.7
368.8
362.2
355.7
369.8
356.2
366.2
359.8
357.2
366.7
356.9
355.5
368.1
360.5
363.3
367.9
355.2
366.0
360.7
358.1
374.6
359.3
360.0
368.4
357.2
360.3
377.9
357.2
365.7
360.5
357.4
365.3
359.8
357.6
368.4