3425300.8
29472.8
530.5
306.6
262.3
240.1
226.3
213.1
208.9
207.4
203.8
210.8
203.4
217.0
208.1
201.2
207.2
203.1
213.9
201.7
201.0
197.4
201.2
212.0
203.1
204.1
207.2
199.8
214.6
202.9
206.5
201.0
203.6
205.5
202.7
201.9
199.3
200.5
200.7
201.9
199.3
202.4
198.8
199.1
198.1
201.2
199.6
197.2
200.5
198.1
201.7
198.4
196.0
199.1
198.1
201.0
200.0
214.8
203.1
206.0
203.4
203.8
214.8
197.9
195.7
200.3
198.8
207.4
198.8
201.7
199.6
201.7
212.9
201.2
199.3
198.8
197.6
212.4
197.4
196.2
200.0
200.7
212.0
199.6
201.7
201.7
202.4
204.3
197.4
195.5
198.8
198.8
203.1
200.3
197.4
198.8
197.4
200.3
199.6
197.2
195.5
196.7
200.3
198.1
197.9
201.2
198.4
201.5
198.4
200.0
197.2
197.6
198.4
197.6
195.3
196.7
197.4
204.1
196.7
201.5
202.4
200.5
200.7
197.2
197.6
197.2
195.7
200.0
197.4
196.5
197.2
197.4
207.2
198.1
196.9
195.3
197.2
198.8
196.0
196.7
195.7
197.6
197.2
199.3
196.2
196.5
195.5
198.6
195.0
197.9
193.1
194.5
197.4
197.2
194.3
198.1
196.7
197.2
197.4
196.7
196.2
199.1
196.2
196.9
198.6
195.7
198.1
200.3
195.7
194.3
194.3
194.1
196.2
196.9
195.7
196.2
201.9
202.2
198.6
197.2
196.0
195.7
200.3
196.5
193.8
191.9
206.7
194.8
193.1
195.3
194.8
192.9
210.5
196.5
198.6
194.1
207.4
196.5
195.5
198.6
195.3
203.1
197.2
195.0
195.7
195.0
206.7
198.6
197.2
196.0
195.5
201.5
197.9
197.9
195.5
195.7
203.1
196.5
193.1
194.3
193.8
193.8
205.3
197.6
194.1
195.5
195.0
208.4
193.8
195.0
193.8
191.9
209.3
195.0
196.5
195.0
194.3
206.5
196.5
199.6
197.2
193.4
207.9
194.1
196.2
195.3
198.8
212.9
195.7
196.9
196.2
205.8
196.5
195.0
194.1
194.1
195.5
207.2
197.4
196.2
196.0
208.1
198.1
194.8
196.7
194.5
205.0
196.2
193.1
194.3
196.0
194.3
212.0
194.5
193.4
195.5
206.9
198.6
197.4
195.3
193.1
205.0
194.8
194.3
194.5
196.2
193.4
205.3
193.1
195.5
194.5
194.3
200.5
195.0
193.4
194.5
191.7
204.1
195.3
194.8