1386950.3
2357.5
1913.8
1874.0
1816.5
1782.4
1799.3
1783.6
1743.3
1813.9
1790.3
1768.8
1770.0
1822.9
1781.5
1757.9
1811.0
1793.9
1779.6
1786.0
1732.8
1809.8
1767.2
1819.1
1775.0
1770.7
1825.8
1762.2
1761.4
1817.7
1772.2
1745.5
1802.4
1781.9
1767.2
1740.0
1810.8
4158.5
1827.7
1805.5
1780.7
1761.7
1804.8
1739.3
1781.7
1783.8
1764.3
1748.1
1815.3
1771.5
1790.8
1814.4
1791.0
1769.3
1768.4
1811.3
1788.9
1795.5
1763.1
1808.9
1798.2
1814.8
1766.0
1790.0
1782.2
1750.5
1819.8
1762.4
1745.0
1813.9
1770.3
1757.1
1813.2
1873.7
1786.9
1786.5
1809.8
1785.0
1791.2
1775.3
1805.3
1812.7
1818.7
1841.1
1778.8
99062.4
1933.3
1801.0
1788.6
1730.0
1817.5
1799.1
1777.2
1756.7
1765.3
1768.8
1771.2
1763.6
1810.3
1819.1
1781.9
1765.5
1786.9
1752.6
1745.5
1810.3
1789.1
1752.1
1766.7
1813.7
1754.5
1781.7
1775.7
1802.4
1764.5
1740.7
1782.7
1801.5
1793.6
1745.0
1792.9
1768.6
1742.8
1818.9
1798.2
1797.4
1786.2
1792.7
1744.0
1788.4
1796.2
1763.8
1814.4
1836.1
1756.9
1774.5
1804.1
1790.3
1747.4
1762.4
1776.0
1764.8
1739.5
1796.7
1773.1
1727.6
1808.9
1761.7
1758.8
1791.5
1786.9
1762.4
1762.2
1806.3
1767.4
1793.6
1746.2
1788.1
1732.6
1772.4
1782.4
1761.0
1733.1
1771.0
1788.4
1741.6
1824.6
1792.4
1767.2
1745.2
1805.5
1774.3
1778.4
1794.3
1818.9
1782.2
1748.3
1815.8
1791.5
1778.1
1751.7
1807.9
1811.0
1791.7
1763.6
1760.0
1803.2
1790.5
1749.0
1762.2
1797.4
1778.4
1785.5
1815.6
1794.3
1781.0
1741.9
1825.6
1783.6
1780.7
1740.9
1763.8
1822.9
1812.7
1774.1
1748.1
1741.2
1772.2
1780.0
1820.3
1762.9
1748.1
1806.7
1761.0
1761.7
1772.9
1810.3
1734.5
1793.6
1753.8
1757.1
1815.3
1779.8
1729.2
1829.6
1812.2
1797.2
1786.0
1764.5
1731.6
1809.6
1835.1
1783.4
1771.2
1830.8
1785.8
1752.6
1820.1
1778.4
1799.8
1802.0
1763.3
1795.1
1722.8
1786.9
1797.2
1758.3
1787.9
1776.2
1752.1
1805.5
1802.2
1746.9
1823.2
1766.2
1772.9
1811.5
1791.2
1798.4
1769.1
1812.7
1793.6
1781.7
1772.2
1777.6
1807.0
1778.4
1787.4
1769.5
1836.5
1792.4
1751.4
1788.6
1826.0
1775.5
1788.4
1792.9
1790.8
1776.0
1772.6
1841.8
1788.9
1756.2
1774.1
1755.0
1748.6
1806.3
1771.9
1772.9
1778.6
1778.4
1753.8
1771.0
1817.7
1773.4
1736.4
1780.7
1802.0
1787.4
1753.6