769034.1
2327.9
1982.7
1848.0
1811.7
1843.0
1850.8
1817.9
1807.2
1797.4
1824.9
1777.9
1780.3
1800.8
1826.8
1828.9
1757.6
1836.8
1789.3
1767.6
1833.7
1754.3
1773.6
1746.4
1771.7
1823.9
1804.4
1750.5
1765.0
1800.1
1764.5
1761.9
1816.0
1798.2
1740.9
1791.0
1791.0
1742.1
1826.8
1788.4
1777.6
1775.5
1797.2
1765.7
1780.5
1740.0
1790.5
1747.8
3010.3
1871.1
1803.2
1864.4
1817.9
1756.2
1762.6
1793.6
1796.0
1769.3
1766.4
1781.2
1776.5
1782.2
1755.0
1847.7
1785.5
1754.5
1760.2
1802.7
1818.4
1776.0
1784.3
1760.7
1781.0
1782.7
1729.2
4065.5
1781.0
1800.5
1725.2
1818.4
1750.9
1779.8
1761.2
1777.4
1765.5
1742.4
1908.8
1819.4
1811.0
1786.0
1755.2
1751.2
1762.2
1813.9
1767.4
1764.3
1789.3
1743.3
1776.7
97708.2
1876.6
1807.0
1751.7
1837.7
1757.9
1777.9
1791.5
1780.0
1819.4
1763.8
1747.8
1808.6
1761.0
1732.8
1806.5
1751.7
1775.0
1785.5
1747.8
1747.8
1774.3
1738.8
1771.5
1790.0
1747.8
1764.1
1815.3
1767.2
1791.7
1740.2
1814.8
1778.1
1728.8
1798.9
1777.9
1728.3
1754.5
1775.7
1802.9
1801.3
1780.0
1740.2
1806.5
1755.2
1755.7
1790.0
1773.6
1762.4
1807.0
1782.2
1734.5
1798.2
1756.4
1764.8
1773.4
1737.4
1821.3
1771.9
1768.8
1775.7
1765.7
1742.8
1766.9
1749.0
1773.6
1750.9
1774.1
1735.9
1815.8
1787.7
1722.3
1762.9
1801.0
1764.5
1757.9
1810.3
1755.5
1745.0
1802.2
1786.7
1737.6
1799.1
1801.5
1761.2
1742.8
1751.4
1766.2
1759.3
1758.6
1806.5
1714.7
1800.3
1745.0
1753.1
1768.6
1715.4
1804.8
1767.4
1723.5
1793.6
1787.7
1780.7
1739.0
1760.2
1762.2
1751.9
1806.7
1746.2
1790.3
1779.1
1766.4
1835.1
1752.6
1795.8
1767.2
1745.2
1794.6
1782.7
1763.6
1755.7
1780.7
1743.6
1766.4
1811.5
1797.7
1756.9
1750.2
1781.0
1760.2
1738.3
1793.6
1751.2
1762.2
1803.9
1750.2
1812.7
1761.2
1772.2
1754.8
1774.8
1742.4
1831.1
1808.9
1764.1
1745.0
1799.1
1764.1
1774.1
1755.0
1824.6
1796.0
1770.0
1759.1
1801.3
1772.2
1748.6
1803.2
1754.0
1776.7
1804.4
1757.9
1776.2
1766.9
1794.6
1750.7
1776.0
1816.5
1727.6
1776.0
1779.6
1777.2
1742.4
1820.6
1783.8
1763.3
1777.6
1793.9
1765.0
1765.3
1808.6
1786.2
1751.7
1771.5
1926.9
1804.6
1757.6
1792.2
1779.6
1731.4
1807.5
1779.1
1748.1
1825.6
1771.9
1774.1
1797.0
1763.1
1771.7
1808.2
1772.6