1507146.6
909.8
515.5
428.4
398.6
412.5
385.0
379.1
386.7
374.8
380.8
387.9
368.4
385.0
382.7
366.4
373.6
364.8
372.4
359.1
358.1
367.4
362.4
365.7
374.6
362.4
367.4
371.0
359.1
366.4
358.8
352.4
367.9
358.1
358.1
365.7
360.7
361.9
374.8
363.8
369.1
361.7
358.1
365.7
358.3
356.4
369.8
355.5
367.9
357.4
355.5
362.9
355.5
352.4
364.5
352.4
356.0
380.5
368.8
370.0
368.4
358.8
369.1
357.6
355.7
364.8
361.7
353.3
364.3
360.5
370.7
357.6
354.3
364.5
355.5
352.9
365.5
354.3
353.1
363.8
355.5
354.8
368.1
352.6
362.9
358.8
350.2
380.8
364.1
359.8
368.8
360.3
367.2
357.4
353.3
362.4
351.2
361.0
370.5
359.1
355.5
365.3
354.8
358.8
354.8
356.9
365.5
355.5
352.6
362.6
352.4
351.0
363.1
356.7
355.2
365.5
354.1
364.3
354.1
360.0
377.9
360.7
356.7
368.1
356.0
363.6
371.7
354.8
366.4
357.2
352.9
368.6
353.1
351.9
365.3
356.4
357.4
369.8
356.0
364.3
354.8
352.6
361.7
353.6
349.5
360.3
350.0
352.9
363.8
358.3
352.1
364.3
356.0
376.5
358.3
378.6
383.9
371.5
367.6
379.1
361.9
376.0
360.3
358.3
370.5
365.0
358.1
370.5
363.1
373.4
360.7
362.2
372.9
363.6
360.5
371.5
361.2
358.6
368.4
359.3
371.5
357.9
352.9
369.5
357.2
356.0
364.8
355.7
351.7
366.9
356.4
365.3
357.9
352.4
363.6
355.0
353.1
364.3
355.0
354.5
365.3
353.8
363.1
357.6
356.4
362.2
359.8
357.2
375.0
355.5
353.1
361.7
354.8
356.7
365.7
351.7
362.6
359.5
356.7
363.3
354.1
352.4
360.5
348.8
351.9
363.3
353.6
365.5
358.8
352.4
361.9
352.6
354.5
369.5
357.4
355.5
367.4
347.1
352.6
366.7
351.4
361.2
355.5
349.8
364.5
358.8
357.2
379.8
361.2
357.2
367.6
354.8
364.5
350.7
351.9
362.2
356.0
351.7
364.3
356.2
355.7
366.7
354.3
369.3
359.8
352.6
362.4
354.3
351.7
368.4
360.5
352.4
365.7
351.9
353.3
358.1
356.7
367.6
356.2
348.6
363.3
354.1
351.0
364.8
353.6
355.7
368.8
354.5
364.3
356.0
356.9
368.8
357.9
356.7
370.7
362.6
359.8
375.7
358.6
363.6