1528430.9
29859.1
533.6
310.7
257.5
227.9
220.1
219.3
219.1
220.5
210.5
211.0
210.3
219.3
206.9
207.9
204.8
201.9
212.0
204.6
212.4
204.8
208.9
207.2
202.9
205.3
205.5
206.0
207.7
212.2
208.1
205.0
215.1
205.8
202.4
201.9
201.2
211.2
199.3
200.7
201.0
203.6
212.2
197.9
198.8
201.2
202.2
213.4
202.4
199.8
201.0
207.4
202.7
202.2
201.5
200.0
203.1
208.1
203.6
203.6
199.8
200.5
204.3
208.1
203.1
204.3
208.4
201.9
201.9
200.5
202.7
209.8
199.6
199.8
199.3
200.3
209.6
200.5
197.9
198.1
198.1
207.9
199.3
200.5
201.0
201.0
210.8
202.2
199.8
200.0
200.3
210.5
200.5
200.7
201.0
200.5
203.4
203.8
204.3
204.1
200.7
201.7
203.1
198.6
203.6
202.9
204.1
200.0
199.3
202.9
208.6
202.2
201.5
201.7
201.7
212.2
203.4
202.2
200.3
203.1
214.3
203.6
203.6
203.8
201.0
211.2
201.9
202.2
198.6
203.6
211.2
203.6
203.1
202.4
202.9
205.8
199.3
195.5
198.1
198.8
199.3
196.9
196.2
197.6
197.6
197.9
198.6
198.1
200.7
201.5
202.7
201.5
198.8
201.0
202.2
204.3
201.5
200.7
201.9
211.5
200.5
201.2
199.6
199.8
206.2
198.6
197.2
200.3
199.8
206.7
199.6
196.0
196.5
198.8
206.2
198.4
197.9
197.9
197.4
206.0
196.7
196.9
196.0
197.6
207.9
197.9
198.4
198.4
198.6
208.1
199.1
198.6
197.4
197.9
206.2
199.8
198.4
197.6
197.2
209.8
199.6
198.4
196.9
199.1
206.9
197.2
197.4
198.1
197.9
208.6
199.3
197.2
198.6
196.2
209.8
201.0
199.1
199.8
202.4
200.3
199.1
198.4
201.5
200.3
200.5
199.8
199.6
199.8
203.8
201.7
198.6
201.5
196.9
201.9
200.0
198.8
199.8
198.4
199.3
199.6
197.6
198.1
197.4
199.1
198.4
198.1
196.9
204.8
213.1
204.1
198.8
198.1
198.6
208.9
199.6
198.4
198.4
198.4
210.0
202.7
199.6
201.5
200.7
206.7
199.1
196.5
197.2
198.8
207.9
199.6
196.5
199.8
202.2
210.3
196.5
197.2
197.2
196.9
205.8
199.1
198.1
201.0
198.8
208.6
197.4
198.8
197.9
198.1
211.0
201.2
197.9
196.2
195.7
211.7
199.6
199.8
197.6
201.5
200.3
199.8