844505.1
4810689.0
10112.0
2943.0
712568.0
4174.0
192.2
2785.9
206.9
165.0
2541.1
188.1
149.0
168.1
183.1
160.0
253.0
146.2
206.9
155.9
186.0
144.0
184.1
145.9
182.9
156.2
197.9
144.0
178.8
152.8
188.1
155.0
183.1
145.9
186.0
154.0
182.9
155.0
186.9
148.1
188.1
150.9
185.0
154.0
182.2
146.9
183.1
145.0
180.0
160.0
184.1
143.1
178.1
144.0
185.0
152.1
176.9
143.1
186.0
151.9
179.1
162.1
185.0
145.0
179.1
152.1
191.0
155.9
180.0
143.1
185.0
143.1
180.0
152.1
200.0
145.0
180.0
142.8
186.0
155.0
187.2
150.9
191.0
144.0
181.2
149.0
188.8
142.8
178.8
150.9
186.9
160.0
191.0
157.8
191.2
149.0
196.0
158.1
188.8
156.2
184.1
158.1
197.9
151.2
187.9
154.0
190.0
147.8
193.8
157.1
191.9
149.0
182.9
158.1
198.8
157.8
185.0
148.8
192.2
151.9
205.0
152.1
181.9
144.0
178.8
151.9
191.9
145.0
180.0
144.0
185.0
145.0
199.1
142.8
182.9
154.0
180.0
150.9
217.0
144.0
177.1
150.9
183.1
153.1
181.0
158.1
183.1
153.1
178.8
152.8
191.0
142.8
177.9
152.1
181.0
161.2
181.9
154.0
191.0
146.2
189.1
212.9
193.1
145.0
181.2
151.9
191.0
153.1
180.0
150.9
181.9
149.0
176.9
157.1
191.9
151.2
177.9
152.1
181.9
155.0
177.9
152.1
191.0
144.0
177.1
153.1
186.9
145.0
179.1
150.9
193.8
146.2
181.9
151.2
186.0
154.0
179.1
150.9
199.1
145.0
187.2
145.0
206.9
152.8
188.8
151.9
196.9
150.9
190.0
144.0
186.9
142.8
177.1
143.1
200.0
142.8
180.0
144.0
185.0
144.0
229.1
145.0
196.0
144.0
186.0
150.9
193.1
151.9
182.2
151.9
191.0
144.0
177.9
151.9
186.0
145.0
179.1
155.9
194.1
151.9
184.1
141.1
181.9
145.2
189.1
144.0
191.9
146.2
177.9
145.0
187.9
144.0
179.1
152.1
191.9
143.1
179.1
151.2
186.0
140.9
177.9
159.0
192.9
145.0
184.1
144.0
196.9
150.0
181.0
151.9
194.1
145.0
177.1
146.9
182.9
151.2
180.0
150.0
195.0
151.9
190.0
151.9
189.1
144.0
177.1
154.0
191.9
146.2
177.9
152.1
186.9
154.0
177.1
151.9
195.0
144.0
176.9
160.0
182.2
145.0