1513332.6
29749.2
530.0
321.1
244.1
226.5
218.6
213.6
222.2
217.9
209.1
212.0
218.9
207.2
205.8
201.7
204.3
217.2
204.1
201.7
204.1
207.7
206.2
201.7
201.9
203.1
206.7
204.6
204.8
200.0
201.0
208.9
203.4
199.3
201.2
199.3
211.2
201.5
200.7
204.6
202.9
211.5
202.4
198.4
201.9
200.5
211.7
201.5
201.2
200.7
200.0
211.0
203.4
201.5
205.5
210.5
203.1
205.5
202.7
200.7
201.0
202.2
201.7
201.5
201.2
197.2
202.9
203.1
201.9
200.0
211.7
202.4
201.0
197.9
200.0
209.8
201.7
200.0
199.3
200.7
211.5
199.8
200.7
200.0
201.5
207.4
200.7
201.9
201.5
201.5
212.0
199.6
201.5
198.6
200.3
209.8
200.7
202.2
201.0
205.5
202.9
200.0
202.9
199.1
201.5
203.1
200.0
201.2
197.9
201.2
200.3
201.9
198.4
199.1
200.5
203.4
201.7
200.3
199.1
208.1
203.6
199.1
202.9
201.5
211.5
201.7
202.2
200.5
199.8
206.5
200.0
200.3
200.3
200.5
208.4
203.6
198.8
198.4
196.2
207.4
196.5
197.9
196.2
196.5
207.2
195.5
198.6
197.2
196.0
208.6
196.7
197.9
198.1
196.2
209.6
198.8
198.6
198.8
196.2
207.9
199.6
198.6
196.0
201.0
209.8
196.7
197.4
195.5
194.3
199.6
196.5
195.3
194.5
204.6
200.3
195.3
196.5
193.8
206.9
199.1
196.5
199.3
202.2
201.5
199.3
197.2
196.7
197.2
197.2
196.0
196.7
196.7
197.6
198.4
201.9
198.6
196.7
198.1
196.2
198.6
197.6
197.6
197.4
195.5
197.9
196.2
197.4
196.7
196.9
201.2
201.5
197.6
198.8
197.2
197.9
196.7
196.9
193.4
197.2
197.6
196.0
197.4
196.7
197.2
199.6
196.7
199.3
195.7
200.7
201.7
200.0
197.6
198.1
199.6
199.8
199.1
196.7
198.6
198.8
200.0
198.6
196.2
197.4
198.6
200.0
194.1
198.8
200.0
198.4
199.6
197.9
196.7
199.6
195.3
202.2
196.7
198.1
198.1
197.2
199.8
197.4
200.7
195.7
198.1
197.9
198.1
196.2
198.1
197.2
201.9
200.7
198.8
200.5
196.9
196.9
196.7
199.1
196.0
199.3
194.8
196.2
196.9
198.8
195.0
198.6
199.6
199.8
197.9
200.7
198.1
196.7
195.5
196.2
197.6
198.4
198.1
198.1
196.0
199.1
195.7