2605.2
425.3
292.7
282.3
305.5
289.3
294.4
278.9
196.7
179.3
156.8
168.2
160.1
155.8
153.8
156.5
154.7
151.9
154.1
143.8
144.0
144.5
145.2
143.1
143.6
146.3
144.3
144.5
141.3
138.4
138.6
142.1
141.8
138.8
139.1
139.5
139.6
138.0
137.9
148.3
139.6
135.6
134.6
134.7
135.4
134.0
142.3
132.8
133.1
135.0
134.8
133.2
135.6
137.4
133.8
127.6
130.2
130.9
132.0
132.4
132.0
137.9
130.5
131.5
131.4
127.6
132.5
131.7
133.0
133.0
131.7
131.1
130.2
132.1
133.6
135.6
133.5
131.7
129.1
130.5
129.2
129.7
130.2
131.1
131.9
130.2
130.6
124.6
131.3
129.2
129.7
137.0
131.6
129.8
131.0
128.2
128.7
130.5
130.1
131.0
129.5
130.0
129.9
130.7
128.8
128.9
135.6
129.7
128.8
124.2
128.7
128.1
126.5
131.4
131.5
128.8
128.7
124.7
128.8
127.6
129.4
131.0
130.2
128.6
128.1
128.8
128.4
128.1
128.9
128.9
129.3
128.8
126.9
128.1
127.2
124.9
130.8
131.6
130.9
130.7
128.6
128.4
128.2
128.0
131.4
128.9
128.8
134.6
127.6
122.7
129.4
128.4
134.7
127.6
130.0
128.4
128.7
128.0
128.4
131.8
129.8
128.9
128.1
128.0
128.1
128.4
127.6
128.8
130.0
127.9
127.8
127.9
126.8
128.0
129.1
134.2
129.4
127.1
129.2
127.4
126.7
127.8
131.3
128.0
128.0
129.7
128.5
127.7
127.5
128.0
128.0
128.0
128.5
127.5
128.9
127.4
126.9
128.4
136.7
129.2
126.5
124.7
129.3
128.1
128.8
130.5
127.8
128.8
127.6
129.0
127.9
127.8
126.6
129.4
129.5
128.6
127.4
128.4
128.8
128.4
129.6
135.7
127.0
128.8
128.0
129.0
128.7
128.7
134.8
126.2
129.3
128.0
128.6
124.8
130.2
128.4
130.4
129.6
127.3
127.9
127.3
127.0
127.4
128.2
135.7
128.8
128.7
126.2
126.8
128.3
128.7
132.7
128.2
128.4
126.8
126.6
129.0
127.1
128.0
128.9
129.7
122.7
126.4
129.3
127.0
128.4
128.1
135.7
129.6
127.0
127.5
126.7
126.6
127.1
127.4
129.9
126.7
125.1
127.6
127.4
127.3
127.6
139.9
128.0
129.4
127.2
128.8
128.7
127.2
126.8
127.3
130.0
128.9
127.3
128.2
128.0
127.3
122.9
137.0
128.4