81928.7
416.8
237.9
194.1
179.2
177.1
185.0
171.8
170.2
169.7
168.1
177.1
172.9
165.9
160.0
163.6
161.7
171.9
160.6
149.6
147.4
145.3
145.1
146.8
150.9
147.8
144.4
146.8
150.3
147.3
142.5
158.8
141.4
147.2
144.8
146.6
144.3
149.6
148.6
145.3
142.5
141.7
151.1
144.0
144.7
145.7
140.3
141.5
142.2
144.0
139.7
141.0
142.7
142.3
139.0
141.4
138.7
139.5
140.0
140.9
138.9
139.1
137.7
139.0
138.1
137.5
138.7
137.4
138.1
137.3
138.6
138.1
139.9
143.9
138.2
135.6
135.4
136.1
135.9
149.2
140.9
140.5
138.8
136.2
135.2
135.8
134.1
148.1
134.8
138.6
137.2
135.0
134.3
135.3
139.0
135.5
134.2
134.1
134.4
134.0
133.3
132.5
136.8
135.7
134.2
134.4
134.0
132.9
141.2
132.4
140.4
136.3
133.3
134.2
134.0
133.5
139.7
134.5
136.9
136.3
135.2
132.9
134.9
134.1
134.4
135.8
135.7
135.9
138.4
129.5
134.8
135.7
134.4
142.3
136.0
131.3
135.1
134.0
147.5
135.1
135.1
136.3
133.2
135.6
133.2
145.4
135.5
133.2
135.3
131.6
136.5
135.9
134.3
136.1
133.7
129.3
134.5
133.3
132.6
144.4
133.6
134.2
134.0
133.5
133.0
133.4
133.0
144.8
133.1
132.8
137.6
133.6
133.9
130.3
135.1
134.8
133.2
129.8
133.7
136.0
134.4
139.2
136.7
134.1
137.6
132.9
133.9
134.4
133.6
150.2
133.9
134.0
136.0
134.3
135.1
133.0
136.2
134.0
134.4
134.9
134.1
133.9
133.7
137.6
135.2
134.1
132.8
133.8
136.1
133.7
135.0
139.8
134.1
133.7
133.2
132.4
133.1
134.7
136.0
135.5
134.8
133.5
133.6
133.2
132.9
139.3
137.1
134.1
134.0
136.4
133.7
135.0
132.4
146.5
136.1
134.8
133.8
134.2
134.9
133.9
138.1
135.9
134.5
133.4
132.9
133.2
132.4
136.7
135.8
135.4
133.7
132.1
132.8
134.6
132.0
145.9
136.8
134.7
133.5
133.2
134.6
135.4
148.7
137.8
137.7
133.8
132.9
134.4
133.9
133.5
134.4
136.0
133.2
132.7
134.4
133.1
131.6
147.5
135.1
135.3
134.8
134.5
133.7
135.7
146.8
135.1
137.5
136.0
132.8
135.6
134.4
146.2
134.4
133.9
133.2
134.9
133.9
129.6
137.4
135.9