3428310.4
29894.1
543.6
318.1
240.6
223.2
231.7
209.8
207.4
205.0
212.2
231.0
207.9
205.5
203.8
201.2
204.3
204.1
197.4
201.9
212.9
203.6
201.2
203.1
204.3
213.6
208.1
201.0
204.1
201.5
216.5
198.8
199.8
200.0
201.0
212.0
201.0
200.7
203.8
209.3
205.0
201.5
199.6
199.6
198.6
203.4
202.9
203.6
199.6
200.5
200.3
197.2
199.3
199.1
202.9
206.0
201.2
204.1
199.3
209.6
200.3
198.8
200.3
199.3
208.9
199.3
198.4
199.3
198.1
209.1
200.0
197.9
200.5
195.5
208.1
200.7
198.1
199.1
198.1
211.5
199.8
199.6
198.8
198.4
214.3
198.6
196.5
197.2
202.4
236.0
202.4
202.4
199.3
199.8
203.8
201.9
201.9
200.5
199.6
201.5
199.6
201.0
199.3
197.6
200.7
202.7
201.5
201.2
211.5
203.1
196.7
197.2
197.9
208.4
200.3
199.8
197.9
197.9
208.9
205.3
202.4
202.7
198.8
210.0
200.3
196.5
199.1
198.1
210.5
201.5
196.7
200.0
204.6
211.2
196.9
195.0
196.5
198.6
209.3
197.2
194.8
197.4
196.9
208.1
195.7
195.5
194.5
194.5
209.6
196.5
198.8
198.1
198.8
207.9
200.5
197.9
195.7
197.4
200.3
196.0
195.5
198.1
200.7
194.1
194.8
197.2
197.2
194.3
197.4
196.0
194.3
194.1
193.1
209.8
195.0
196.9
196.0
197.9
197.2
196.7
196.5
194.3
194.8
198.1
197.4
195.0
196.5
207.9
199.1
197.6
200.5
200.0
197.6
196.7
196.7
196.2
195.0
199.6
197.9
195.7
193.8
195.7
205.0
194.8
196.5
195.0
195.5
195.0
197.9
195.5
196.7
198.1
198.6
202.2
197.6
195.3
195.3
200.3
197.9
195.5
197.6
195.0
203.1
197.4
196.0
194.8
195.3
205.8
197.2
195.0
197.6
197.4
202.7
200.5
196.0
196.0
194.1
201.9
200.3
197.9
199.3
197.4
194.8
196.5
196.5
195.3
195.5
205.5
198.6
197.6
193.1
197.9
204.1
196.2
196.7
195.3
194.8
205.5
197.6
196.5
199.3
198.6
200.5
196.9
196.5
194.5
196.2
203.8
197.2
198.1
195.5
197.4
201.2
196.9
196.0
194.5
195.5
191.2
205.5
193.4
192.2
196.7
195.5
206.7
193.8
196.5
194.8
194.5
208.1
192.9
194.8
192.9
195.7
207.7
196.7
195.0
195.0
193.4
206.7
194.5