3437524.3
29798.3
536.0
305.4
233.9
216.2
206.9
207.9
201.5
202.7
206.5
221.0
207.4
203.4
200.3
202.4
220.3
199.8
203.8
200.3
205.5
213.9
197.2
202.4
198.6
202.4
209.1
198.1
199.6
198.1
206.9
201.9
200.5
198.8
199.6
198.8
200.0
198.6
198.4
198.4
196.7
201.2
196.9
199.3
197.9
200.0
195.7
198.8
199.1
198.1
196.5
200.7
195.3
197.6
196.9
199.6
202.7
203.1
205.0
202.7
198.1
199.3
195.5
196.7
198.8
197.9
201.2
197.9
199.3
199.6
206.9
195.7
196.9
193.8
198.1
207.7
199.1
196.5
196.5
199.1
208.6
198.8
198.4
198.8
195.7
208.9
197.9
197.9
195.0
192.6
201.5
197.6
198.1
196.5
197.9
209.8
197.9
195.5
195.0
198.1
210.0
199.1
196.5
198.1
198.1
208.9
200.0
197.4
195.3
197.6
203.1
198.4
197.6
196.2
196.7
209.3
197.9
197.4
196.9
196.2
215.5
198.4
199.6
201.0
194.5
209.1
195.0
196.0
196.7
196.9
201.9
195.0
201.9
194.1
195.3
206.7
196.2
195.5
194.8
195.3
208.1
193.6
194.3
194.5
196.2
207.2
197.4
193.8
195.5
194.3
207.4
195.7
196.5
194.3
192.2
207.9
194.8
193.8
195.5
195.7
208.1
193.1
192.6
193.6
189.8
204.1
194.3
196.2
194.3
191.0
203.6
194.1
194.3
198.1
195.3
206.7
194.8
194.3
193.1
193.4
202.2
192.9
194.3
193.8
196.2
203.1
197.2
195.0
194.8
192.9
206.2
195.3
192.6
193.6
192.2
206.2
194.3
195.0
194.3
194.5
201.0
197.4
194.3
192.9
197.6
209.1
197.6
194.1
190.5
193.4
202.7
196.5
196.5
192.6
195.5
206.2
197.9
194.5
192.4
194.1
194.1
194.3
194.5
194.1
195.0
193.4
198.8
197.2
196.0
195.5
195.5
197.4
194.8
195.3
195.0
193.6
197.9
196.0
191.9
194.1
194.1
196.2
194.8
195.0
194.1
195.7
199.1
201.2
199.8
200.5
196.0
196.7
196.9
193.1
196.7
201.2
196.0
193.4
192.4
196.5
196.5
195.7
200.5
191.5
196.9
191.5
206.9
193.8
193.6
195.5
192.4
204.6
193.1
194.1
193.1
192.2
196.5
194.8
191.7
194.3
193.8
203.6
195.5
193.4
193.1
194.8
207.9
194.1
194.3
191.9
192.9
202.9
194.5
194.8
189.8
191.7
201.0
192.6
191.5
191.2