168980.1
34332.0
8919.0
2677.0
28863.0
3168.1
185.0
2542.0
196.9
170.9
2569.9
184.1
151.9
164.0
157.1
173.1
253.0
151.9
206.0
148.1
203.1
155.0
190.0
153.1
184.1
156.9
197.9
147.1
181.0
154.0
187.2
145.0
190.0
146.2
186.9
155.0
185.0
153.1
200.0
147.1
185.0
152.1
185.0
158.1
184.1
145.9
184.1
146.2
181.9
155.0
190.0
145.9
181.0
155.0
186.0
145.0
193.1
144.0
186.9
152.8
179.1
145.0
186.9
150.9
182.2
152.1
181.9
148.1
184.1
144.0
185.0
153.1
179.1
150.0
205.0
143.1
186.0
146.2
186.9
151.9
181.9
152.1
186.9
152.1
181.0
160.0
191.0
148.1
182.2
155.9
186.0
162.1
190.0
150.9
198.1
150.9
198.1
161.9
193.1
158.1
186.0
159.0
206.0
153.1
189.1
160.0
191.0
158.1
196.9
150.9
196.0
159.0
187.2
157.8
199.8
153.8
190.0
158.8
191.0
153.1
191.0
145.9
187.2
145.0
181.9
154.0
185.0
146.9
190.0
153.1
186.0
150.2
180.0
145.9
186.9
146.2
189.1
150.9
201.9
152.8
180.0
148.1
185.0
153.1
182.2
145.0
186.9
145.9
180.0
164.0
191.9
152.8
183.1
145.0
189.1
153.1
179.1
145.9
190.0
147.8
182.2
153.1
187.9
146.2
182.9
145.2
185.0
156.9
187.2
151.9
188.8
152.1
181.0
155.0
187.9
146.2
196.9
145.9
186.9
160.0
181.0
148.1
188.1
145.0
181.9
152.8
189.1
147.1
181.9
144.0
187.9
152.1
184.1
151.9
190.0
154.0
179.8
152.1
186.0
152.1
184.1
145.9
211.0
155.0
196.2
146.9
199.1
150.9
191.9
144.0
186.0
146.2
182.9
141.1
194.1
153.1
191.0
152.1
186.9
146.2
191.0
143.1
186.9
145.2
182.9
143.1
194.1
145.9
184.1
152.1
190.0
145.0
201.0
153.8
191.0
145.9
184.1
151.2
186.9
145.0
186.9
145.9
190.0
141.9
180.0
144.0
185.0
151.9
191.0
146.2
186.0
152.1
181.9
153.1
186.0
150.0
198.1
155.0
186.0
145.9
185.0
160.9
187.9
146.2
191.0
144.0
201.0
153.8
179.1
152.1
184.1
153.1
191.0
160.0
187.2
154.0
180.0
154.0
188.1
157.8
191.2
154.0
183.8
152.8
187.2
154.0
186.9
148.1
186.0
151.2
184.1
146.9
177.1
153.1
184.1
152.8
205.0
153.1
189.1
144.0