841351.0
4793182.1
10215.0
2932.1
703515.1
4208.1
189.1
2824.8
209.1
169.0
2543.0
186.0
150.0
155.0
160.0
150.0
248.9
158.8
211.0
154.0
190.0
145.0
195.0
145.0
182.2
155.9
192.2
145.9
181.0
143.1
189.1
146.2
182.9
143.1
185.0
145.0
181.0
152.1
196.0
145.9
178.1
150.9
185.0
145.0
181.9
145.2
190.0
145.0
181.9
143.8
186.9
144.0
176.0
144.0
186.9
141.1
182.9
143.1
185.0
146.9
180.0
151.2
192.9
146.2
181.0
143.1
212.0
153.1
184.1
141.9
184.1
143.1
186.0
155.9
188.1
150.9
179.1
150.9
195.0
144.0
177.1
150.9
185.0
141.9
180.0
143.1
909.1
405.1
758.2
345.9
264.2
151.9
239.1
151.9
201.9
151.2
186.0
158.1
199.1
156.9
190.0
161.9
193.1
150.0
193.1
156.9
191.0
158.8
187.2
148.1
192.9
142.8
180.0
144.0
185.0
146.9
184.1
141.1
187.9
146.2
179.1
141.9
187.2
144.0
181.0
151.9
183.8
152.8
186.9
144.0
201.0
144.0
179.1
149.0
187.9
145.0
178.1
143.1
181.9
153.1
179.1
153.1
183.1
145.0
177.1
151.9
184.1
144.0
178.1
153.1
186.9
151.2
185.0
152.1
182.9
151.2
176.0
154.0
187.9
144.0
179.1
151.9
182.2
146.9
182.2
140.9
183.8
153.1
183.1
152.8
187.2
145.9
177.1
151.9
183.8
144.0
186.0
144.0
184.1
144.0
178.1
141.9
199.1
143.1
176.9
144.0
187.9
146.2
189.8
141.9
186.0
144.0
187.9
143.1
210.0
153.1
186.0
155.9
191.0
154.0
188.1
158.1
189.1
158.1
191.9
168.8
195.0
143.1
178.8
151.2
186.0
152.1
181.0
151.2
188.8
151.9
179.1
143.1
187.2
144.0
177.9
148.1
185.0
147.1
181.9
150.2
184.1
144.0
188.8
142.8
191.0
141.9
189.8
145.9
185.0
143.1
183.1
142.8
186.0
144.0
179.1
151.2
193.8
152.1
181.9
142.1
193.1
143.1
186.0
152.1
182.9
143.1
187.2
142.8
194.1
143.1
179.1
153.1
205.0
145.9
181.0
149.0
192.9
145.0
175.0
144.0
184.1
145.0
178.1
143.8
191.9
145.0
188.8
152.1
181.0
148.1
180.0
153.1
195.0
153.1
179.1
145.0
186.9
144.0
177.9
145.2
191.9
153.1
186.0
153.1
185.0
143.1
176.9
150.0
197.9
145.0
180.0
144.0
188.1
145.9