4117048.5
644.0
468.5
398.6
397.2
376.9
383.6
373.8
364.3
395.5
372.6
370.3
376.7
364.3
371.5
368.1
359.1
367.4
355.5
351.7
363.8
355.7
350.2
364.1
360.3
373.4
367.2
365.0
371.2
358.3
356.2
365.7
357.9
357.2
372.6
361.2
369.5
359.3
355.5
364.8
356.9
354.1
363.1
354.8
350.7
363.6
356.0
369.8
361.0
354.3
361.9
356.2
358.8
365.3
354.5
353.1
366.7
366.2
366.9
357.6
356.2
367.2
358.6
353.6
371.0
357.4
356.2
368.1
357.6
365.5
359.3
357.2
367.2
363.8
356.9
366.9
359.8
353.6
367.2
354.8
365.0
357.6
355.5
363.6
357.6
354.5
366.9
362.9
358.8
374.3
356.4
364.1
359.3
354.8
360.7
354.5
352.1
367.2
359.5
354.8
365.3
361.0
363.1
374.1
354.8
365.5
355.0
358.3
363.1
355.2
350.7
364.8
357.4
353.8
369.8
359.5
366.7
360.0
359.5
369.1
369.1
354.5
364.3
357.9
353.3
369.3
356.9
368.6
352.9
356.4
365.7
360.0
355.2
363.8
356.7
359.3
373.1
357.4
365.0
356.9
355.5
366.7
356.2
356.4
370.5
360.7
354.5
368.6
356.2
505.2
378.1
356.2
371.7
363.1
369.1
356.0
356.7
365.5
357.2
352.4
361.7
356.0
361.7
369.8
356.7
363.1
356.0
353.6
360.7
355.2
351.0
361.9
357.9
356.9
368.1
360.5
360.3
358.1
352.4
362.4
357.2
358.3
366.9
358.6
355.7
367.9
358.1
372.4
358.8
355.5
370.5
363.1
356.7
363.6
356.4
356.2
367.9
359.1
368.1
357.6
353.8
364.3
358.1
359.1
366.9
356.0
354.1
367.9
357.9
356.0
365.3
351.4
365.0
357.2
357.2
364.8
358.6
355.2
373.6
361.0
355.0
366.7
354.5
361.0
353.8
353.8
366.9
358.3
354.5
361.2
355.0
353.8
363.3
355.5
361.9
356.0
357.4
364.5
355.0
353.8
363.6
360.5
355.5
370.0
356.2
362.9
357.4
364.1
372.2
363.6
358.8
369.1
356.7
350.7
365.3
357.6
361.4
358.3
356.2
363.6
356.0
361.2
361.2
358.1
358.8
369.5
360.5
362.2
358.8
356.4
366.0
358.1
356.2
368.4
358.1
355.0
364.5
354.3
359.8
370.0
354.5
364.5
356.2
355.5
361.0
353.6
354.1
361.7
353.3
355.5
366.2
356.2
373.4
356.7
351.4
365.3
356.2
354.5
370.5
354.8