82530.4
443.2
244.9
211.1
181.7
175.7
177.2
172.5
168.1
168.4
164.0
164.6
164.1
167.5
156.5
157.1
156.7
156.7
155.4
157.2
165.6
161.2
158.4
158.5
153.6
159.0
154.3
170.7
156.0
155.7
153.2
155.0
155.2
164.7
153.3
155.5
147.9
148.3
148.9
150.7
152.7
148.7
146.7
151.9
149.2
150.7
157.7
147.5
146.3
145.1
142.3
144.1
144.0
155.2
142.8
142.8
143.6
143.0
142.0
152.7
150.6
144.6
140.5
141.5
142.3
136.5
146.4
142.6
142.2
141.1
139.3
145.3
140.6
140.0
140.3
139.7
139.0
140.5
139.3
137.2
145.8
139.0
139.3
137.9
137.1
138.3
135.6
132.5
139.8
139.3
138.4
138.2
135.9
140.8
137.1
146.4
138.2
135.6
138.7
137.6
139.1
132.7
146.4
137.6
137.9
135.3
136.2
136.9
134.4
137.2
135.1
134.7
134.7
136.7
138.6
135.9
137.5
133.6
135.3
135.5
135.9
137.3
135.6
141.6
134.8
136.5
137.3
137.2
138.5
131.5
136.5
138.8
135.3
136.3
139.2
131.9
135.2
135.8
148.8
137.8
136.4
138.6
135.9
136.1
135.2
138.9
137.2
136.3
135.7
136.6
134.0
137.7
135.6
140.7
137.5
134.6
135.4
135.8
134.1
144.3
137.7
135.1
135.9
135.6
133.7
135.1
135.8
139.0
135.8
134.4
134.9
135.7
134.7
132.4
137.0
135.5
136.0
135.1
133.5
134.0
133.7
162.2
137.4
136.9
133.1
133.0
134.9
134.5
143.0
137.7
138.9
137.9
134.0
133.1
134.0
134.6
144.9
135.3
136.2
135.1
135.3
133.6
136.3
138.8
137.3
136.8
134.8
136.0
134.5
134.2
136.5
135.5
136.8
136.5
136.1
136.8
135.0
140.1
138.7
135.3
134.0
135.9
135.4
134.2
134.5
137.4
138.7
135.5
133.1
134.3
137.2
134.2
134.2
132.9
134.3
135.8
134.4
136.2
135.1
136.0
134.3
134.1
134.2
133.5
134.0
134.2
133.4
145.4
137.5
135.3
136.0
135.7
135.0
135.0
144.1
134.8
134.5
136.5
134.7
134.7
134.1
132.4
135.3
134.9
133.9
134.6
136.7
134.2
137.1
133.0
134.9
138.4
134.9
135.8
134.2
136.5
146.6
134.4
135.8
135.4
133.9
135.2
137.3
137.0
135.5
134.0
132.9
134.3
131.8
131.8
137.5
133.5
134.2
134.0
135.3
134.1
137.0
134.1
137.3
137.8