842047.0
4813362.8
10221.0
2897.0
703250.9
4248.9
180.0
2817.2
194.1
165.9
2538.9
196.0
161.2
175.0
166.9
160.0
250.1
147.1
212.0
146.2
190.0
155.0
191.0
152.1
191.9
157.1
189.1
145.0
180.0
147.1
189.1
145.9
181.0
145.9
185.0
146.2
182.9
151.2
189.1
145.0
180.0
144.0
190.0
154.0
181.9
145.9
186.0
145.2
186.0
145.9
187.2
159.0
181.0
145.9
207.9
145.0
181.0
145.9
184.1
145.9
182.2
144.0
191.0
145.2
186.0
152.1
738.9
459.0
821.1
368.8
318.1
155.0
194.1
146.2
206.0
148.1
190.0
147.1
200.0
149.0
183.1
145.9
188.1
145.0
189.1
151.9
192.9
145.0
178.8
145.9
196.0
152.1
192.9
157.8
190.0
151.2
196.9
150.9
192.9
151.2
188.8
157.8
201.9
158.1
186.9
164.0
190.0
155.2
188.8
158.1
196.0
151.9
194.1
159.0
189.1
150.9
191.0
151.9
212.2
166.9
184.1
153.1
186.9
145.0
196.9
147.1
186.0
145.9
184.1
151.2
289.0
172.1
227.9
148.1
320.2
161.9
189.1
144.0
193.1
145.9
192.9
154.0
189.1
144.0
180.0
153.1
201.0
155.2
183.8
146.9
189.1
143.1
189.1
154.0
190.0
144.0
183.1
154.0
195.0
145.9
178.8
152.8
192.2
146.9
189.1
153.1
186.9
155.0
180.0
155.9
198.1
146.9
183.1
145.9
183.8
144.0
191.9
145.0
191.9
145.0
189.1
144.0
212.0
146.2
182.9
144.0
187.9
147.1
185.0
145.0
189.1
144.0
181.0
143.1
194.1
154.0
183.1
150.9
184.8
146.2
193.1
145.0
190.0
154.0
186.9
165.9
192.2
151.9
181.0
145.0
193.1
158.1
178.8
142.1
191.9
142.8
181.9
155.9
200.0
145.2
190.0
144.0
191.9
152.8
180.0
145.0
194.1
145.0
181.0
151.2
186.0
144.0
181.9
146.2
195.0
166.9
179.1
143.1
188.1
145.0
181.2
152.8
193.8
145.0
181.9
145.0
206.0
154.0
186.0
145.9
194.1
151.9
190.0
145.0
184.1
145.0
180.0
153.1
209.1
145.9
189.1
152.1
190.0
145.9
187.2
153.1
191.9
146.2
178.8
151.9
191.0
145.9
179.1
152.8
200.0
154.0
185.0
154.0
186.9
145.0
183.8
145.0
199.1
145.0
180.0
145.9
187.2
147.1
191.9
145.0
194.1
147.1
181.0
143.1
191.0
144.0
176.9
145.0
196.0
146.2