1379046.0
2353.7
1928.1
1809.1
1765.7
1802.7
1771.0
1775.3
1770.3
1731.6
1737.8
1796.5
1785.8
1784.6
1788.6
1780.0
1740.0
1774.8
1796.0
1739.5
1806.0
1804.6
1770.3
1786.7
1788.9
1763.3
1788.9
1771.5
1732.8
1764.8
1801.7
1879.9
1759.1
1733.5
1785.0
1760.2
1742.4
4030.0
1901.6
1756.9
1749.5
1768.6
1736.4
1754.3
1728.8
1761.2
1762.2
1732.3
1721.4
1765.3
1767.6
1714.2
1796.2
1749.0
1756.0
1791.7
1769.1
1788.6
1752.9
1738.1
1751.2
1781.2
1769.8
1730.2
1774.5
1749.0
1717.6
1751.7
1763.8
1739.5
1776.0
1729.2
1739.5
1753.6
1746.4
1751.7
1704.0
1744.3
1781.9
1733.8
1726.6
1797.0
1775.7
1748.1
1711.4
97965.7
1944.8
1794.1
1746.7
1810.3
1742.1
1761.7
1803.2
1758.6
1764.3
1743.6
1737.6
1799.8
1749.8
1717.8
1790.5
1750.2
1737.4
1765.7
1769.3
1756.2
1740.5
1766.2
1770.5
1755.2
1746.2
1795.5
1746.7
1732.6
1790.3
1739.5
1739.3
1808.2
1769.1
1733.1
1759.5
1803.2
1749.5
1769.1
1745.5
1778.8
1765.0
1742.8
1746.4
1791.2
1772.4
1754.0
1754.0
1766.0
1760.7
1755.7
1726.4
1735.9
1768.6
1731.2
1771.0
1754.8
1774.3
1740.5
1724.2
1793.9
1733.1
1750.5
1777.9
1745.2
1731.9
1812.9
1783.6
1714.9
1771.0
1745.7
1757.6
1749.5
1802.9
1741.4
1732.3
1784.3
1745.7
1736.6
1761.9
1728.3
1792.0
1732.8
1730.4
1792.0
1748.6
1717.3
1800.8
1799.6
1743.1
1795.3
1756.7
1791.2
1735.9
1772.6
1743.1
1747.6
1786.0
1797.0
1752.1
1744.7
1804.1
1776.9
1776.2
1719.0
1799.8
1802.9
1778.6
1784.8
1725.9
1767.9
1769.1
1750.2
1743.6
1769.8
1769.8
1746.4
1731.6
1799.8
1752.6
1742.6
1763.3
1727.3
1790.5
1784.1
1748.6
1738.3
1781.7
1755.5
1734.0
1782.4
1760.7
1737.4
1798.2
1748.8
1721.4
1803.4
1787.9
1776.7
1752.9
1736.6
1793.6
1806.5
1793.4
1792.9
1756.9
1807.5
1760.2
1738.3
1811.3
1742.4
1766.2
1746.4
1760.5
1778.8
1737.6
1784.6
1753.8
1729.7
1772.9
1751.7
1757.6
1750.5
1745.2
1758.3
1723.3
1804.4
1771.7
1762.2
1724.7
1749.5
1755.7
1773.4
1705.4
1757.1
1786.9
1766.9
1758.1
1790.8
1778.1
1805.3
2020.4
1799.8
1775.0
1760.7
1828.0
1822.0
1778.8
1732.6
1761.7
1768.1
1751.9
1768.6
1770.7
1788.6
1819.4
1793.6
1796.5
1773.1
1729.0
1792.2
1772.4
1728.5
1799.8
1761.0
1773.1
1709.9
1808.4
1774.5
1770.3
1751.2
1822.2
1761.0
1750.9
1793.1