776680.9
2317.9
1927.9
1817.5
1779.8
1836.8
1788.9
1757.9
1817.7
1769.3
1729.5
1793.6
1807.0
1800.8
1777.6
1786.2
1765.3
1797.0
1757.9
1824.1
1783.4
1725.4
1841.5
1777.9
1753.6
1816.3
1776.7
1754.5
1803.6
1773.6
1735.2
1758.1
1786.5
1766.9
1723.8
1771.9
1721.9
1766.2
1751.7
1740.9
1763.3
1721.1
1737.8
1769.3
1756.9
1763.1
1749.8
1771.0
2947.3
1853.9
1768.1
1741.9
1820.6
1732.3
1727.6
1781.9
1752.6
1728.3
1796.2
1820.6
1771.7
1728.3
1814.8
1728.8
1790.3
1773.6
1748.1
1789.6
1731.4
1760.5
1710.7
1720.9
1823.7
1758.1
1730.7
1797.0
1748.8
1723.5
1717.8
1795.1
1749.3
1726.4
1767.6
1711.8
1777.4
1734.7
1753.8
1763.1
1742.4
1751.4
1685.6
1789.8
1742.8
1747.8
1759.8
1721.6
98969.5
1920.7
1739.5
1808.2
1721.1
1759.1
1769.3
1734.0
1790.8
1697.5
1786.5
1728.8
1737.6
1785.0
1733.8
1746.2
1749.3
1725.0
1730.7
1749.0
1719.2
1761.2
1742.8
2052.8
1768.4
1766.9
1717.3
1813.4
1786.7
1742.4
1715.7
1748.6
1727.6
1737.4
1753.6
1751.4
1735.4
1758.1
1748.6
1735.0
1793.1
1731.6
1735.2
1742.6
1723.3
1796.0
1768.6
1755.7
1750.2
1787.9
1788.6
1735.9
1754.8
1750.7
1789.3
1747.4
1725.0
1794.8
1750.0
1735.2
1773.6
1737.4
1737.1
1776.9
1740.5
1720.4
1741.6
1780.3
1770.5
1772.9
1741.6
1721.6
1765.3
1745.5
1721.1
1798.2
1738.5
1749.0
1795.5
1737.8
1735.4
1750.9
1733.1
1791.2
1758.3
1732.8
1779.8
1758.1
1751.2
1738.8
1794.1
1765.0
1728.8
1752.6
1743.3
1731.6
1749.0
1794.3
1771.2
1747.1
1766.7
1789.3
1795.1
1771.9
1736.9
1797.4
1733.5
1742.8
1784.8
1751.2
1708.0
1776.7
1767.4
1749.8
1736.6
1794.1
1766.4
1771.2
1731.6
1743.8
1787.7
1729.2
1731.9
1763.3
1733.5
1788.4
1771.0
1726.6
1746.4
1769.3
1811.5
1758.8
1744.3
1743.6
1782.9
1763.8
1740.2
1812.0
1747.6
1726.9
1783.1
1788.6
1772.9
1746.7
1734.7
1770.3
1799.1
1760.2
1777.9
1766.0
1779.8
1804.8
1757.6
1718.3
1798.4
1808.4
1743.1
1742.6
1816.0
1755.7
1725.9
1802.7
1721.9
1745.0
1755.7
1765.0
1750.9
1771.9
1842.5
1773.8
1709.9
1808.6
1775.5
1731.2
1767.4
1725.4
1754.8
1810.6
1759.8
1727.3
1799.6
1775.3
1766.4
1735.7
1787.7
1776.9
1761.7
1791.5
1710.2
1743.8
1773.8
1733.8
1792.2
1764.1
1728.5
1828.2
1773.4
1736.6
1748.3
1784.3
1780.5
1730.7
1777.9
1771.5