1518627.2
925.3
543.6
425.8
421.8
391.5
375.0
387.4
378.6
391.2
373.6
377.9
383.9
368.6
381.9
375.5
361.7
372.6
362.9
359.3
376.2
357.9
361.0
384.1
359.8
374.8
365.7
359.5
380.5
358.1
356.7
370.5
355.0
363.6
358.3
352.6
368.1
367.6
369.8
378.8
366.4
360.0
376.0
354.8
363.6
356.4
355.0
366.2
363.1
360.3
371.9
358.1
358.1
368.8
358.3
367.6
358.8
361.9
363.8
365.0
364.5
375.0
357.9
366.4
358.8
355.0
363.3
356.7
354.3
370.5
364.3
358.6
366.7
355.7
367.2
356.9
352.6
362.9
360.0
353.8
366.0
353.8
351.0
368.8
353.3
350.7
368.4
357.4
364.1
359.8
357.9
368.6
359.3
355.0
369.3
354.1
353.6
369.3
362.4
368.1
356.7
352.1
369.5
358.1
355.0
371.0
355.2
357.2
371.7
357.4
365.5
360.3
351.4
368.1
360.7
355.5
365.7
356.9
355.0
367.2
364.1
365.7
351.7
354.1
365.7
358.1
353.1
363.3
352.9
352.4
366.4
356.4
365.7
362.6
355.0
366.0
353.1
355.2
367.2
357.2
352.4
367.9
351.4
367.4
354.5
358.8
366.0
359.3
353.3
366.7
354.3
355.0
367.2
363.3
366.7
360.0
358.3
374.1
368.1
366.2
368.8
361.7
360.3
376.0
360.0
415.3
388.6
371.0
378.1
366.0
363.8
379.3
361.4
375.0
361.2
366.7
373.6
378.1
364.3
376.2
361.4
368.4
356.4
355.5
366.0
355.7
353.3
366.0
354.3
356.2
371.5
352.4
363.3
352.6
351.0
364.8
353.3
351.2
364.1
354.1
355.0
375.0
361.7
366.7
356.4
354.1
367.4
356.9
358.1
368.4
351.9
350.0
367.6
353.6
364.1
356.4
353.1
361.7
355.7
349.5
360.7
353.1
350.7
361.4
351.9
352.4
363.6
352.9
366.4
358.1
353.3
367.6
356.2
351.9
365.0
356.7
355.5
366.7
351.0
360.3
361.7
356.9
366.0
359.8
352.6
363.8
353.6
360.5
397.9
366.7
369.3
363.1
356.7
364.5
355.5
351.9
364.3
353.8
353.8
368.1
357.6
368.6
356.4
356.2
364.8
353.6
351.4
364.1
352.9
352.6
365.5
352.4
353.1
366.2
357.2
361.4
352.4
350.2
360.7
356.7
353.8
369.5
358.6
360.0
369.1
354.3
364.5
354.8
353.8
363.8
357.2
358.6
364.3
351.7
349.5
367.9
351.2
365.7
357.4
357.4