774172.5
2298.6
1913.1
1796.7
1759.1
1771.0
1821.0
1767.9
1736.6
1795.1
1744.5
1742.8
1833.4
1783.1
1797.2
1745.5
1770.0
1776.9
1787.4
1766.4
1749.5
1798.6
1769.8
1771.2
1803.6
1792.2
1781.0
1722.3
1750.9
1757.6
1763.1
1730.0
1754.8
1792.0
1764.1
1740.7
1726.4
1773.6
1744.0
1722.6
1781.0
1730.9
1735.9
1738.1
1731.9
1794.3
1750.2
1708.3
2999.1
1858.9
1768.4
1738.5
1799.1
1726.4
1709.9
1781.7
1771.2
1708.3
1774.1
1756.9
1764.8
1720.2
1800.8
1759.8
1731.9
1726.4
1762.2
1737.4
1731.2
1783.1
1734.0
1734.0
1771.9
1716.9
1735.2
1784.3
1707.6
1776.2
1757.4
1703.5
1775.3
1741.4
1729.5
1745.7
1843.9
1774.5
1697.8
1758.6
1752.6
1763.8
1696.3
1744.0
1801.3
1768.8
1697.5
1785.3
98215.3
1871.1
1779.8
1726.4
1720.4
1765.3
1833.2
1731.6
1720.9
1798.9
1744.5
1738.5
1777.2
1730.2
1726.9
1766.9
1747.1
1712.6
1783.6
1780.5
1750.9
1730.9
1734.0
1780.0
1748.1
1742.6
1769.5
1740.0
1784.6
1736.4
1714.5
1780.5
1711.1
1738.5
1786.0
1706.4
1776.2
1723.3
1737.1
1752.6
1785.5
1719.0
1741.2
1771.7
1733.8
1738.3
1773.6
1698.7
1788.1
1727.3
1731.2
1775.0
1750.7
1694.2
1786.2
1778.8
1723.8
1736.6
1792.2
1734.7
1718.3
1782.4
1751.2
1714.2
1774.5
1756.4
1737.8
1709.7
1738.5
1754.8
1722.1
1723.8
1768.6
1723.8
1741.4
1735.0
1768.6
1757.4
1706.4
1741.2
1748.6
1709.0
1786.0
1726.2
1726.6
1751.9
1713.8
1736.4
1730.2
1728.5
1736.4
1747.1
1701.4
1770.0
1753.6
1747.4
1722.1
1786.5
1732.8
1728.8
1777.6
1730.0
1714.0
1779.8
1768.6
1705.2
1745.5
1757.9
1700.6
1740.0
1734.3
1771.7
1747.1
1726.9
1725.7
1864.9
1755.5
1719.7
1750.0
1757.1
1707.6
1731.2
1743.3
1709.9
1763.6
1715.7
1746.7
1779.1
1737.8
1742.4
1727.1
1770.0
1756.7
1710.7
1733.5
1741.6
1737.8
1717.6
1781.7
1756.9
1704.9
1765.7
1766.2
1747.8
1714.5
1763.6
1790.0
1765.3
1793.4
1771.2
1704.5
1747.8
1854.2
1763.8
1753.8
1723.8
1776.7
1743.3
1708.5
1774.3
1735.2
1816.7
1780.0
1762.9
1760.0
1712.3
1787.7
1743.3
1748.6
1758.1
1733.1
1759.3
1762.6
1772.9
1735.4
1703.7
1730.2
1767.6
1745.9
1731.6
1757.1
1713.8
1733.8
1740.7
1736.2
1739.7
1781.2
1717.6
1740.2
1774.3
1749.3
1748.1
1704.2
1777.6
1778.4
1745.5
1758.3
1762.9
1770.3
1745.5
1733.1
1735.0
1766.0
1737.1