54669.0
1506.4
1350.0
1234.1
1246.7
1230.2
1258.6
1247.8
1214.5
1258.8
1207.8
1191.9
1219.5
1225.9
1218.8
1249.3
1224.4
1186.6
1199.5
1188.0
1192.0
1239.3
1221.7
1254.1
1220.4
1251.2
1249.5
1225.1
1185.9
1192.5
1184.4
1180.9
1224.6
1183.7
1204.0
1208.3
1211.9
1264.0
1245.3
1240.6
1256.6
1251.6
1244.8
1210.8
1201.9
1206.1
1199.3
1189.7
1215.9
1220.6
1249.2
1248.8
1223.1
1197.9
1205.0
1185.2
1196.5
1196.8
1195.7
1205.3
1225.0
1166.6
1176.7
1188.3
1216.5
1207.1
1215.1
1185.4
1193.4
1198.2
1230.8
1190.6
1215.4
1190.4
1197.4
1191.8
1214.6
1216.7
1220.9
1222.1
1225.4
1240.6
1216.2
1227.5
1212.6
1216.6
1224.1
1222.6
1216.2
1220.1
1190.9
1212.3
1228.1
1214.0
1188.6
1182.9
1214.1
1226.6
1218.1
1195.1
1213.5
1215.9
1214.7
1216.3
1239.2
1216.8
1234.8
1221.9
1223.3
1237.5
1229.5
1187.3
1212.6
1193.8
1219.7
1229.4
1184.4
1224.3
1213.7
1213.5
1190.7
1217.0
1184.3
1183.3
1220.7
1190.3
1214.0
1188.4
1189.6
1210.6
1201.0
1202.1
1205.1
1203.1
1203.5
1262.4
1213.6
1215.5
1201.8
1221.6
1226.1
1209.8
1215.2
1212.9
1213.4
1207.1
1193.9
1211.6
1233.5
1187.6
1164.2
1200.2
1204.4
1201.1
1197.1
1217.3
1234.1
1229.1
1210.4
1189.9
1180.4
1153.9
1177.9
1218.1
1221.4
1175.4
1190.0
1200.7
1196.7
1194.9
1197.8
1194.6
1187.9
1207.4
1195.7
1192.2
1212.9
1194.0
1216.4
1185.9
1199.2
1180.2
1198.0
1191.2
1188.5
1169.5
1260.5
1184.5
1206.7
1187.7
1196.9
1182.1
1190.4
1223.7
1159.4
1184.6
1192.4
1198.0
1189.6
1185.2
1186.9
1201.0
1183.4
1204.6
1178.3
1186.2
1179.9
1184.1
1191.8
1187.3
1186.7
1185.1
1212.9
1179.7
1187.7
1174.7
1180.3
1181.3
1182.4
1193.7
1196.2
1187.9
1186.8
1182.8
1194.0
1188.2
1195.8
1187.9
1180.8
1195.0
1212.0
1199.5
1187.4
1182.7
1179.5
1206.0
1182.1
1192.6
1199.8
1180.7
1196.0
1186.7
1199.8
1180.8
1180.4
1195.3
1152.8
1185.5
1187.1
1170.7
1191.8
1187.7
1176.0
1185.2
1184.1
1173.8
1197.8
1193.1
1189.1
1174.2
1158.3
1200.5
1155.3
1181.6
1183.4
1178.4
1197.8
1186.7
1205.2
1197.2
1185.9
1183.7
1205.9
1177.8
1182.6
1185.9
1195.4
1190.2
1184.8
1191.7
1176.9
1185.4
1171.0
1184.3
1189.6
1191.5
1172.4
1188.4
1196.1
1184.0
1184.4
1188.1
1191.7
1198.0
1186.4
1191.5
1182.3
1188.4
1190.7
1183.0