154751.1
3584.1
3300.4
3324.7
3288.3
3463.7
3305.7
3266.8
3286.8
3269.2
3418.0
3262.8
3247.5
3243.4
3275.9
3460.2
3329.3
3679.5
3336.0
3286.6
3467.6
3345.5
3287.6
3292.1
3349.5
3490.9
3340.5
3327.4
3293.0
3335.5
3475.2
3321.4
3294.9
3316.9
3251.3
3448.5
3294.5
3235.6
3276.8
3276.6
3440.4
3274.7
3273.5
3294.7
3270.6
3432.8
3297.3
3326.2
3285.9
3267.0
3454.2
3356.9
3277.8
3290.2
3300.2
3469.0
3295.2
3331.7
3268.7
3292.3
3451.6
3281.6
3267.8
3305.2
3532.2
3467.8
3317.8
3264.7
3244.4
3301.4
3410.1
3296.1
3267.0
3246.8
3245.8
3424.9
3322.4
3280.9
3293.0
3332.1
3483.8
3323.1
3271.8
3292.3
3254.9
3465.2
3285.6
3294.7
3268.2
3281.6
3447.5
3311.4
3249.9
3299.5
3270.1
3520.5
3293.3
3278.7
3269.4
3250.1
3499.5
3295.2
3223.4
3348.8
3272.8
3426.6
3324.5
3277.3
3251.1
3237.2
3435.6
3274.7
3253.2
3313.3
3322.6
3441.3
3282.3
3305.0
3351.0
3296.9
3470.7
3263.5
3258.5
3273.5
3260.4
3510.5
3347.6
3353.4
3282.8
3266.8
3476.9
3242.0
3257.5
3252.3
3259.7
3437.0
3243.7
3306.6
3296.9
3300.0
3422.5
3308.8
3241.8
3310.4
3274.0
3433.2
3296.6
3304.5
3300.4
3260.4
3457.8
3286.8
3276.6
3246.8
3252.5
3457.5
3245.1
3302.6
3276.3
3275.6
3459.0
3262.5
3271.3
3259.7
3288.3
3445.6
3260.4
3323.3
3310.4
3359.6
3484.7
3286.1
3299.5
3310.7
3305.7
3481.9
3310.7
3325.7
3297.8
3278.0
3461.8
3301.1
3321.6
3279.4
3247.0
3885.7
3345.3
3437.5
3306.9
3309.2
3328.3
3346.2
3284.0
3297.8
3289.7
3513.3
3299.0
3294.2
3310.4
3374.1
3468.0
3365.5
3311.2
3337.9
3296.1
3476.6
3313.5
3291.4
3275.2
3303.5
3426.3
3289.5
3267.8
3364.1
3299.7
3462.8
3324.5
3284.7
3304.7
3308.1
3447.5
3293.5
3280.6
3250.6
3275.2
3432.5
3268.2
3314.7
3366.0
3340.5
3475.0
3263.0
3289.0
3325.7
3316.4
3523.3
3322.1
3299.0
3301.1
3299.0
3485.0
3293.8
3308.3
3295.7
3288.5
3471.6
3304.5
3364.3
3313.3
3290.2
3464.9
3325.0
3281.4
3262.5
3280.9
3451.8
3253.7
3300.4
3315.7
3288.5
3455.2
3298.5
3296.1
3304.2
3298.3
3443.0
3300.0
3316.4
3303.3
3255.1
3491.9
3272.3
3264.4
3302.1
3252.3
3481.1
3296.1
3301.9
3238.7
3265.9
3431.1
3269.4
3272.8
3311.4
3244.6
3448.2
3269.2
3330.9
3303.1
3270.4
3428.5
3268.5
3274.0
3308.3
3299.2
3460.9
3302.6
3285.6
3290.9
3274.4