1660548.0
33952.5
1708.0
1430.5
1413.3
1416.7
1369.2
1389.3
1381.2
1388.3
1375.7
1378.1
1391.9
1368.8
1376.4
1365.7
1372.6
1364.7
1366.6
1370.2
1395.7
1373.5
1399.5
1375.2
1369.2
1403.8
1394.7
1411.4
1397.6
1366.9
1375.9
1392.4
1357.3
1355.2
1378.8
1368.5
1349.9
1419.5
1363.5
1383.5
1411.4
1374.5
1391.9
1391.4
1394.7
1376.4
1383.3
1362.6
1369.2
1363.8
1425.5
1357.8
1394.0
1373.5
1358.7
1383.8
1379.7
1386.9
1367.6
1407.4
1387.4
1422.2
1385.5
1364.5
1363.3
1363.3
1391.9
1370.2
1394.7
1395.0
1363.3
1389.5
1363.8
1402.4
1384.0
1379.0
1359.2
1377.1
1380.2
1356.8
1364.7
1354.2
1398.1
1390.5
1358.5
1357.6
1352.5
1379.3
1368.3
1386.2
1385.7
1399.3
1366.1
1393.1
1366.9
1350.4
1371.9
1372.6
1380.2
1377.1
1365.4
1363.8
1356.4
1351.6
1351.4
1402.6
1368.3
1410.7
1346.1
1372.1
1381.2
1419.3
1367.6
1363.5
1432.4
1392.1
1369.5
1370.4
1356.6
1388.5
1374.7
1356.8
1383.1
1362.8
1385.5
1375.0
1355.2
1359.2
1361.8
1351.8
1376.9
1393.6
1367.3
1370.7
1360.9
1385.2
1369.7
1390.2
1367.1
1358.3
1383.3
1356.6
1360.7
1380.9
1372.3
1359.5
1367.3
1394.0
1372.8
1353.7
1356.6
1393.8
1362.6
1384.5
1379.7
1352.8
1371.4
1368.5
1389.3
1371.4
1356.4
1385.7
1363.5
1380.2
1351.1
1355.4
1356.6
1356.8
1369.2
1363.0
1386.4
1408.8
1359.9
1378.3
1348.0
1352.3
1352.8
1362.3
1372.3
1387.1
1374.5
1354.2
1391.6
1350.4
1370.2
1381.4
1416.4
1376.6
1364.7
1386.6
1368.5
1387.8
1384.3
1355.9
1366.4
1370.7
1362.3
1375.9
1367.6
1362.8
1366.4
1386.6
1411.2
1370.0
1362.6
1427.4
1364.0
1374.7
1366.1
1356.6
1373.5
1364.5
1362.1
1382.1
1361.6
1363.8
1361.8
1364.0
1360.2
1368.5
1385.0
1365.9
1398.3
1368.5
1421.5
1380.7
1365.2
1398.1
1370.9
1384.0
1365.9
1383.1
1386.4
1329.7
1347.1
1338.2
1331.8
1408.8
1328.0
1350.6
1319.9
1332.5
1344.2
1323.2
1387.1
1354.2
1328.0
1333.7
1347.5
1324.9
1328.7
1334.9
1328.7
1323.5
1339.9
1338.2
1324.4
1332.0
1319.2
1326.8
1336.8
1391.4
1330.9
1372.6
1323.2
1329.7
1355.9
1324.4
1344.9
1402.1
1320.6
1336.1
1325.6
1318.9
1373.1
1332.8
1324.4
1387.1
1339.2
1352.3
1343.3
1330.9
1320.1
1326.8
1313.0
1344.9
1340.4
1350.2
1320.6
1338.5
1322.7
1323.5
1354.0
1326.1
1367.1
1334.2
1371.9
1393.3
1366.4
1344.2