4539281.1
14087.9
1395.0
580867.1
7334.0
3851.9
2439.0
2013.9
1271.0
1874.0
1273.2
1296.0
1889.0
1284.1
1283.9
1272.9
1879.9
1303.9
1318.0
1327.0
1283.9
1941.9
1305.1
1308.9
1272.9
1294.1
1290.1
1972.9
1276.0
1280.8
1276.0
1289.8
1277.9
1294.1
2003.9
1291.0
1344.9
1278.2
1283.9
1286.0
1338.0
1300.8
1938.8
1294.9
1277.0
1276.0
1282.9
1326.8
1285.8
1287.0
1277.0
1996.0
1282.2
1276.0
1278.9
1292.9
1292.0
1293.2
1293.9
1287.0
1266.0
1997.9
1280.1
1337.1
1310.1
1318.9
1279.1
1298.9
1269.8
1284.8
1275.1
1273.2
2031.1
1344.9
1341.1
1276.0
1308.9
1281.0
1342.1
1285.1
1283.9
1277.9
1296.0
1287.0
2121.2
1311.1
1282.0
1275.1
1282.9
1274.1
1276.0
1260.0
1286.0
1337.1
1274.1
1268.9
1328.9
2150.1
1318.0
1265.0
1301.1
1261.0
1273.2
1277.9
1277.9
1302.0
1294.1
1272.9
1296.0
1289.1
1276.0
2321.0
1283.2
1272.9
1302.0
1275.1
1344.0
1286.0
1272.9
1273.9
1292.0
1331.8
1276.0
1278.9
1271.0
1269.8
2286.0
1298.0
1305.8
1274.8
1281.0
1293.9
1284.1
1280.1
1292.0
1290.1
1281.0
1339.9
1274.1
1339.0
1271.0
1283.9
1270.1
1276.0
1275.8
1266.0
1307.0
1297.0
3206.0
1349.9
1306.1
1276.0
1319.2
1267.9
1305.1
1292.0
1277.0
1277.9
1269.8
1275.8
1317.0
1289.8
1304.9
1308.0
1287.9
1286.0
6016.0
1281.0
1283.2
1261.0
1277.9
1272.0
1298.9
1292.9
1279.1
1281.0
1281.0
1277.9
1305.8
1320.8
1272.0
1272.0
1277.0
1278.9
1344.0
1358.0
1262.9
1339.9
1271.0
1276.0
1280.1
1292.0
3572.9
1294.1
1287.0
1310.8
1307.0
1270.1
1232.9
1236.0
1235.0
1312.0
1241.9
1225.0
1258.1
1264.1
1267.0
1239.1
1308.0
1241.0
1245.0
1236.9
1254.8
1297.0
1284.8
1259.8
3566.0
1256.0
1256.0
1272.2
1240.0
1241.0
1296.0
1267.9
1256.9
1236.9
1250.0
1286.0
1236.0
1254.1
1260.0
1246.0
1248.1
1256.0
1245.0
1237.2
1246.9
1263.9
1278.9
1240.0
1243.8
1304.1
1251.0
3092.1
1272.2
1287.0
1245.0
1238.1
1270.1
1255.0
1236.9
1235.0
1231.0
1241.2
1247.9
1240.0
1228.8
1266.0
1246.9
1270.1
1239.1
1272.0
1236.9
1251.0
1264.1
1238.1
1254.1
1255.0
1247.9
1236.0
1272.0
1231.2
3201.0
1232.1
1236.0
1272.0
1263.9
1243.1
1240.0
1264.1
1259.1
1266.0
1266.0
1269.1
1253.8
1254.1
1260.0
1273.2
1262.9
1239.1
1248.1
1231.9
1237.9
1303.0
1251.0
1257.9
1302.0
1263.9
1277.0
1257.9