142497.5
3232.7
2960.2
2913.7
2914.2
2873.7
2920.4
2875.1
2883.0
2873.9
2897.0
2899.6
2885.1
4014.3
2896.5
2903.7
2887.5
2881.3
2903.9
2937.1
2899.2
2895.6
2881.8
2923.7
2897.7
2885.8
2898.0
2894.2
2883.9
5978.8
2921.3
2899.2
2876.0
2929.9
2915.9
2880.1
5997.9
2921.8
2910.4
2897.3
2915.9
2897.3
4282.0
3401.8
3358.8
3441.3
3372.7
3381.7
3359.3
3433.0
3394.4
3384.8
3376.2
3415.6
3539.3
3392.2
3402.2
3533.6
3417.0
3387.9
3410.8
3380.1
3363.6
3385.1
3383.2
3402.2
3445.6
3387.2
3370.8
3355.5
3378.2
3388.4
3368.4
3410.6
3394.6
2939.7
2897.7
2910.9
2910.1
2906.6
2894.2
3779.9
3433.9
3409.1
3408.7
3361.2
3373.9
3370.8
3363.4
3505.2
3382.0
3380.1
3381.5
3388.6
3524.3
3401.8
3357.6
3366.5
3380.5
3534.6
3400.3
3357.2
3354.5
3383.2
3523.3
3405.8
3374.3
3379.3
3426.6
3548.4
3407.5
3383.4
3425.4
3407.5
3547.9
3371.5
3370.3
3392.9
3374.8
3536.0
3384.1
3373.6
3409.9
3412.7
3574.1
3390.8
3408.9
3423.5
3530.5
3430.4
3313.3
2968.3
2923.7
2879.9
2886.5
2905.4
2893.4
3165.7
3447.3
3434.7
3400.1
3410.1
3432.5
3396.7
3405.6
3385.1
3378.4
3418.0
3425.8
3378.9
3421.3
3460.9
3451.3
3439.7
3410.8
3448.2
3419.4
3395.8
3402.5
3395.6
3405.6
3384.6
3448.0
3397.7
3405.8
3462.6
3435.9
3536.5
3439.9
3422.0
3422.0
3425.1
3388.2
3401.5
3458.7
3401.8
3420.8
3413.9
3415.1
3401.8
3387.0
3390.1
3393.7
3420.6
3387.5
3454.4
3434.7
3389.8
3423.2
3382.7
3389.6
3413.2
3832.8
3705.0
3639.9
3630.6
3618.5
3843.8
3470.9
3444.0
4022.6
3535.0
3572.9
3694.5
3706.9
3607.7
3718.9
3635.2
3607.5
3620.4
3428.0
3547.9
3406.3
3420.4
3386.0
3377.0
3539.3
3484.2
3430.1
3429.2
3405.6
3438.7
3438.0
3408.7
3420.8
3570.6
3429.2
3405.6
3397.5
3389.8
3541.5
3377.4
3414.2
2993.3
2907.5
2900.1
2881.3
2892.0
2890.1
2883.2
2882.5
2893.2
2882.0
2906.3
2902.5
2900.4
2903.0
2899.6
2893.9
2912.5
2892.0
2889.6
2873.4
2879.9
2888.0
2891.8
2914.4
2922.1
2909.2
2926.3
2898.7
2872.0
2896.1
2881.8
2881.5
2883.0
2895.1
2892.7
2931.6
2901.3
2871.0
2884.4
2883.2
2878.9
2876.5
2892.5
3377.9
3289.9
3706.9
3483.8
3439.2
3514.3
3419.9
3424.9
3408.0
3585.8
3427.3
3455.6
3400.8
3399.8
3547.9
3393.9
3393.9
3426.6
3444.0
3536.5
3431.6
3395.3
3385.3
3411.3