67064.0
1564.4
1364.2
1230.9
1254.8
1247.8
1244.8
1209.2
1250.7
1214.2
1242.4
1213.9
1241.1
1236.1
1243.1
1211.6
1263.9
1247.3
1255.4
1217.4
1215.8
1215.4
1237.4
1230.9
1209.3
1196.1
1232.2
1234.2
1233.3
1230.7
1198.5
1235.6
1202.6
1232.5
1228.7
1213.6
1205.0
1234.0
1231.0
1243.2
1241.2
1237.4
1232.6
1217.4
1229.3
1222.4
1219.7
1213.2
1222.0
1205.3
1226.6
1188.5
1218.2
1221.8
1193.1
1224.5
1198.9
1221.2
1229.6
1223.8
1193.4
1244.4
1231.4
1201.8
1231.3
1230.7
1225.4
1201.0
1230.6
1222.1
1236.6
1231.0
1224.9
1221.0
1223.7
1223.2
1238.1
1205.3
1228.8
1205.9
1251.0
1198.8
1227.6
1204.5
1213.4
1209.0
1227.6
1235.5
1234.1
1240.0
1232.1
1231.2
1228.1
1271.7
1258.1
1218.7
1248.4
1350.5
1289.0
1242.4
1248.5
1234.7
1249.7
1227.1
1224.4
1246.5
1269.1
1238.3
1252.9
1252.6
1206.0
1228.4
1201.2
1210.3
1240.2
1210.5
1222.7
1233.5
1200.7
1236.9
1276.0
1269.6
1205.8
1235.5
1232.6
1236.0
1229.7
1228.9
1208.8
1207.1
1203.7
1224.0
1199.1
1200.1
1193.5
1203.1
1229.3
1218.7
1198.5
1235.7
1214.0
1252.1
1275.6
1246.0
1280.5
1249.1
1227.0
1216.9
1248.2
1240.3
1230.7
1248.7
1244.5
1226.2
1225.8
1236.6
1223.9
1205.0
1201.6
1222.9
1230.6
1236.7
1240.1
1199.5
1198.6
1202.4
1235.5
1226.7
1195.5
1192.6
1233.0
1201.8
1227.3
1219.5
1240.2
1223.9
1201.2
1239.6
1227.6
1228.0
1225.5
1200.7
1229.2
1296.8
1239.7
1211.9
1273.4
1270.0
1211.7
1230.7
1247.0
1299.2
1222.3
1212.2
1206.9
1212.4
1251.4
1250.3
1206.2
1215.6
1226.5
1278.1
1228.3
1214.1
1204.2
1214.2
1217.2
1203.6
1205.6
1210.1
1210.8
1232.5
1231.3
1224.1
1209.7
1201.6
1224.6
1210.2
1208.2
1200.7
1209.0
1199.2
1212.5
1199.8
1170.3
1208.1
1180.1
1212.0
1182.7
1178.7
1212.1
1232.0
1278.3
1249.1
1239.6
1233.2
1256.7
1240.2
1228.9
1216.3
1225.2
1207.5
1176.5
1176.1
1213.9
1226.7
1206.1
1204.7
1205.4
1212.2
1231.5
1237.0
1234.6
1252.5
1237.8
1224.8
1194.6
1217.5
1255.3
1274.9
1184.5
1208.9
1198.4
1206.0
1217.5
1201.8
1198.7
1202.4
1212.4
1207.5
1204.4
1206.5
1244.8
1187.1
1228.6
1207.4
1209.1
1252.9
1233.7
1202.3
1227.4
1245.2
1216.3
1211.2
1276.1
1211.4
1192.1
1218.3
1202.2
1211.9
1215.2
1212.5
1200.2
1202.5
1219.8
1240.2
1222.1
1226.3
1229.3
1242.0