179344.2
4181.1
3923.7
4278.9
4658.7
4474.9
4700.9
3463.3
5084.3
5005.8
5016.1
4910.5
4514.7
4636.5
4551.6
4706.1
4899.0
4157.1
4923.8
4967.5
5009.2
4956.2
4897.8
4629.1
3166.9
4197.6
4266.3
3632.3
4349.0
4243.6
4452.0
4696.8
5084.3
5101.7
4966.7
4927.2
4093.4
4912.9
4862.1
4622.9
4424.8
4309.9
4319.0
4396.0
4503.5
4392.6
4218.6
4315.9
3940.3
4408.4
4512.3
4596.0
4814.1
5021.3
4987.0
4869.0
4581.0
4594.6
4376.9
4056.7
4377.1
4452.5
4735.2
4926.7
5041.6
4853.5
4057.2
4718.1
4943.8
4499.7
4451.0
4661.8
4343.5
4352.8
4476.1
4399.5
4077.2
4423.9
4219.3
4147.5
3449.9
3101.1
3118.3
3169.5
3098.5
3101.6
3115.4
3091.8
3064.9
3295.9
4810.1
4912.9
4144.2
3488.1
4733.3
4721.6
4431.2
3820.2
4562.4
3268.2
3616.8
3707.4
3517.6
3625.4
3397.5
3276.8
3129.5
3477.3
3380.5
3253.2
4684.7
3433.5
3513.1
3486.9
3383.4
3553.6
3140.2
4006.4
4607.2
3297.1
3069.4
3023.1
3028.4
3044.6
3304.2
3627.8
3447.1
3505.7
3453.3
3422.7
3431.6
3417.7
3401.3
3395.6
3390.6
3375.3
3378.6
3410.3
3419.9
3422.5
3466.6
3397.2
3412.0
3410.3
3397.2
3397.0
3406.0
3556.3
3410.6
3369.3
3371.5
3406.0
3367.7
3410.6
3373.6
3363.1
3380.5
3375.1
3392.5
3392.5
3436.6
3384.1
3361.2
3382.0
3404.4
3389.8
3394.1
3384.1
3340.0
3496.2
3472.3
3426.3
3399.4
3393.7
3382.0
3376.0
3386.3
3419.2
3402.7
3428.2
3376.7
3505.5
3398.7
3383.9
3377.7
3413.4
3392.7
3356.5
3391.7
3407.5
3392.2
3387.5
3368.6
3375.1
3247.5
3003.8
2954.7
2926.3
2954.5
2904.9
2930.4
2944.0
2916.3
2931.1
2961.2
3013.6
2963.3
2964.5
2955.2
2933.5
2987.4
3001.2
6047.7
2967.1
2939.0
3078.7
2955.4
3037.5
6040.1
2971.6
2928.7
2933.0
2939.9
2933.5
5990.0
2990.5
2960.7
2971.6
2947.6
2940.7
2946.4
6028.2
3017.2
2950.4
3025.1
2949.2
2951.6
3941.1
3434.4
3400.6
3416.1
3400.6
3586.8
3407.0
3398.9
3394.6
3431.8
3547.7
3407.5
3394.1
3418.4
3445.6
3457.5
3420.8
3453.0
3436.1
3571.0
3433.5
3430.4
3478.8
3441.3
3601.6
3438.2
3424.4
3472.8
3434.4
3577.9
3426.8
3460.6
3453.5
3434.7
3485.7
3433.5
3458.7
3414.6
3418.7
3422.0
3420.6
3442.8
3416.1
3419.4
3443.5
3422.3
3425.1
3489.0
3450.4
3449.7
3432.0
3417.5
3460.4
3895.8
3468.3
3443.7
3450.9
3429.9
3790.1
3527.4
3498.1
3463.0
3439.4