4952831.7
1799.1
1602.6
1525.4
1502.8
1470.3
1465.6
1456.0
1454.4
1436.2
1438.1
1432.4
1492.0
1471.0
1450.1
1442.7
1449.3
1454.8
1441.5
1449.6
1438.6
1545.4
1452.9
1440.5
1436.2
1465.3
1470.3
1436.2
1441.0
1433.1
1786.9
1456.0
1446.5
1452.4
1434.8
1440.8
1441.7
1442.0
1453.6
1438.9
1462.0
1441.7
1494.6
1431.7
1452.9
1478.4
1433.4
1437.2
1511.6
1461.5
1433.4
1439.8
1447.7
1421.2
1454.8
1430.5
1436.5
1499.4
1470.3
1461.7
1498.9
1435.0
4223.8
1483.7
1457.2
1457.0
1460.1
1485.3
1482.5
1447.4
1465.8
1449.1
1441.0
1431.7
1433.6
1434.1
1439.1
1540.7
1489.4
1466.0
1482.2
1468.7
4482.0
1450.1
1465.6
1441.2
1457.5
1510.1
1487.3
1511.6
1446.0
1441.2
1438.4
1466.3
1429.3
2003.9
1954.6
2036.1
2013.2
2098.3
2108.6
2102.4
1903.8
1731.9
1925.7
2056.1
1963.9
2087.4
2111.2
1983.6
2108.1
2064.2
1990.1
2128.8
2131.2
2032.0
2130.3
2091.4
2081.9
2076.4
2042.1
1992.2
1875.2
2058.7
2080.2
2076.6
1997.9
2064.5
2189.6
1766.4
1686.1
1750.2
1746.9
1725.0
2000.8
1832.7
1987.0
1991.5
1949.3
1905.9
1903.5
2098.6
1912.8
1936.2
1998.2
1868.7
1607.7
2248.8
2181.1
2138.1
2174.1
2065.7
2145.1
2072.6
2272.4
2141.7
2055.6
2138.1
2134.1
2142.9
2130.3
2053.5
2015.8
1848.5
1814.4
1997.5
2050.9
2000.8
2122.6
1932.9
2039.7
1913.3
1942.9
1965.3
1940.7
1879.2
2052.5
1989.6
2286.2
2226.8
2191.1
1982.5
1974.6
2024.7
2284.8
2224.0
1971.7
1779.6
2202.3
1948.8
1828.2
1828.4
1844.9
1919.5
1901.9
1889.2
2005.3
2294.5
2255.9
1740.0
1757.6
1899.5
1795.8
1986.5
1971.7
2011.3
1764.5
1767.4
1742.1
1760.7
1726.6
1761.7
1699.4
1860.6
1956.2
1843.7
2039.7
1488.2
1668.5
1924.8
1429.6
1478.9
1439.8
1546.9
1927.4
1851.8
1884.7
1892.1
1912.6
1955.3
1869.7
1568.1
1771.9
1840.8
2151.7
1808.2
1867.8
2071.1
2105.5
2062.6
1986.7
2142.2
1768.4
1927.1
1832.2
1827.5
1856.8
1727.8
1457.0
1902.3
1832.5
1921.2
1938.3
1992.0
1899.5
1909.0
1721.9
1848.9
1823.4
1759.5
2034.9
1969.6
1922.1
1971.2
1781.2
1831.1
1502.0
1781.0
1860.9
2026.1
2077.3
1930.2
2012.3
1972.4
1914.0
1763.3
1828.2
1801.5
1955.7
1733.8
1858.2
1824.6
1714.7
2097.4
2158.6
2103.3
1720.9
1734.7
1776.9
2132.9
1545.9
1944.1
1968.6
1991.3
1992.9
1969.3
2198.9
1879.0
2097.8
1635.3