55343.4
1394.6
1329.7
1276.5
1212.5
1196.2
1232.5
1250.9
1215.3
1210.4
1196.8
1227.1
1234.3
1188.3
1212.2
1199.1
1259.0
1187.1
1225.0
1193.8
1200.7
1217.6
1193.5
1158.8
1161.9
1194.4
1188.4
1213.9
1184.8
1184.3
1169.9
1236.6
1236.7
1229.5
1196.3
1209.4
1167.1
1201.1
1193.3
1191.0
1193.9
1176.6
1194.3
1164.4
1197.6
1239.2
1188.0
1179.2
1215.7
1164.7
1205.7
1188.7
1167.3
1188.7
1190.9
1192.1
1221.5
1196.0
1191.9
1160.5
1204.2
1201.7
1163.2
1189.9
1184.6
1174.8
1190.6
1238.1
1186.9
1152.4
1182.6
1198.1
1205.2
1194.2
1220.2
1235.2
1169.4
1214.4
1189.3
1165.5
1163.5
1236.0
1174.9
1158.7
1188.3
1177.1
1191.1
1225.0
1215.9
1164.7
1188.4
1200.5
1187.5
1191.2
1155.1
1153.5
1185.3
1182.4
1207.3
1159.4
1181.1
1190.4
1238.1
1218.1
1194.4
1169.8
1172.6
1210.1
1191.6
1170.0
1172.1
1171.5
1256.2
1259.4
1221.1
1223.5
1220.0
1242.9
1188.7
1213.9
1193.4
1218.9
1216.4
1193.4
1190.7
1160.5
1252.0
1204.3
1191.6
1179.4
1195.0
1201.4
1205.2
1199.2
1197.3
1211.7
1170.5
1200.7
1161.7
1190.7
1197.6
1172.6
1222.6
1160.6
1190.2
1167.5
1167.8
1191.6
1170.0
1209.7
1203.7
1201.2
1201.0
1194.5
1198.8
1191.0
1195.3
1167.4
1180.0
1167.0
1194.4
1167.8
1182.2
1191.2
1194.8
1190.2
1163.8
1172.7
1196.4
1199.2
1190.9
1174.8
1200.5
1214.1
1170.7
1190.8
1174.2
1193.3
1194.0
1185.6
1179.3
1169.8
1171.1
1177.3
1200.2
1167.8
1185.9
1173.8
1176.3
1193.4
1189.5
1170.8
1177.8
1172.2
1199.1
1201.4
1176.9
1172.0
1174.9
1148.9
1186.7
1193.2
1179.5
1172.6
1175.1
1191.2
1201.4
1169.7
1171.7
1173.3
1187.5
1180.2
1185.2
1177.8
1177.0
1147.2
1184.7
1210.7
1185.0
1174.8
1173.5
1183.4
1180.1
1202.3
1141.4
1181.1
1173.0
1183.6
1203.8
1182.8
1179.6
1156.0
1173.2
1184.0
1181.2
1172.3
1187.1
1182.9
1191.3
1212.9
1147.7
1168.1
1174.5
1171.9
1179.0
1181.9
1170.9
1180.7
1179.9
1192.0
1196.0
1170.6
1170.7
1180.4
1175.6
1174.3
1194.1
1183.1
1184.1
1146.5
1187.6
1199.7
1186.7
1172.4
1177.3
1159.2
1186.0
1173.4
1177.8
1188.8
1170.7
1182.4
1201.5
1177.9
1173.1
1174.7
1173.5
1186.6
1169.8
1173.6
1180.0
1174.6
1191.0
1215.3
1170.7
1180.8
1176.9
1186.8
1188.0
1178.7
1168.4
1176.1
1142.6
1178.2
1201.4
1174.9
1175.7
1168.1
1170.0
1173.9