1622071.3
1990.6
1537.1
1498.9
1487.0
1492.5
1509.7
1485.1
1490.4
1489.4
1474.9
1499.4
1485.3
1534.5
1515.2
1484.6
1536.4
1507.8
1489.4
1495.6
1512.5
1494.9
1538.3
1536.6
1484.6
1556.4
1493.2
1500.8
1496.8
1510.1
1508.0
1504.9
1486.1
1520.2
1480.3
1532.8
1490.6
1505.6
1505.6
1514.2
1491.5
1478.9
1513.7
1498.2
1487.7
1492.0
1476.8
1495.8
1488.4
1497.0
1491.8
1486.3
1481.3
1481.3
1494.2
1483.0
1485.8
1561.9
1500.1
1490.1
1499.4
1483.2
1488.7
1493.2
1490.8
1493.2
1480.6
1486.5
1478.7
1503.5
1495.1
1487.5
1477.0
1502.5
1570.0
1532.1
1583.6
1523.3
1488.4
1492.3
1570.5
1523.5
1528.0
1508.2
1549.7
1511.1
1484.2
1485.6
1487.7
1473.2
1494.2
1513.7
1506.1
1508.2
1502.8
1489.2
1523.0
1492.0
1496.3
1488.7
1474.1
1503.9
1514.4
1481.8
1497.5
1504.4
1499.2
1503.5
1512.3
1493.7
1491.1
1498.5
1483.9
1495.1
1560.2
1482.2
1517.5
1491.1
1501.1
1488.2
1488.4
1512.3
1579.8
1503.2
1501.6
1503.2
1503.2
1509.2
1491.1
1530.6
1495.4
1552.8
1510.4
1479.1
1480.8
1482.5
1505.4
1541.4
1535.4
1511.8
1497.3
1483.0
1519.4
1492.0
1503.9
1506.6
1503.0
1483.4
1487.5
1490.1
1490.4
1481.1
1497.5
1512.5
1530.4
1505.4
1501.1
1500.6
1510.9
1513.7
1513.2
1556.4
1479.4
1517.8
1493.0
1481.8
1517.8
1539.2
1520.9
1502.3
1541.1
1487.3
1478.7
1457.0
1475.6
1459.4
1459.8
1490.1
1475.8
1527.8
1491.8
1476.8
1499.9
1500.6
1471.3
1473.4
1545.9
1515.4
1496.6
1491.1
1552.1
1531.4
1503.5
1481.5
1467.9
1461.0
1478.9
1497.7
1470.6
1463.4
1464.6
1509.7
1525.9
1473.2
1475.1
1466.3
1486.8
1483.7
1471.3
1473.2
1521.1
1482.5
1517.1
1493.7
1476.3
1498.7
1483.0
1480.1
1481.5
1483.2
1483.4
1480.1
1465.1
1464.6
1579.8
1493.7
1477.0
1571.7
1484.4
1473.4
1498.0
1469.4
1469.1
1519.7
1529.7
1501.8
1521.1
1514.2
1520.2
1546.6
1548.3
1500.1
1466.8
1491.8
1476.0
1489.2
1481.5
1516.8
1483.7
1481.5
1465.3
1489.6
1537.8
1485.8
1492.5
1538.5
1482.7
1495.8
1513.0
1470.8
1478.0
1549.0
1474.6
1479.1
1466.0
1477.7
1464.6
1478.0
1466.0
1471.5
1511.8
1488.7
1512.3
1493.2
1485.8
1534.5
1475.1
1474.6
1477.7
1469.6
1499.7
1484.6
1477.2
1542.3
1467.9
1507.5
1477.2
1528.0
1500.6
1504.4
1489.6
1476.0
1556.2
1492.5
1488.0
1492.0
1467.5
1533.5
1501.6
1461.3