3349019.5
31091.0
1740.0
1494.9
1425.5
1373.5
1369.5
1363.8
1374.7
1414.3
1405.2
1343.0
1407.1
1349.7
1361.6
1385.9
1346.1
1363.0
1341.3
1331.3
1347.3
1345.2
1340.4
1366.4
1366.6
1336.6
1335.1
1372.8
1368.0
1342.1
1354.2
1348.5
1352.1
1336.3
1336.1
1349.9
1354.9
1397.4
1337.1
1326.6
1339.7
1339.7
1375.0
1337.1
1321.8
1333.7
1346.3
1331.8
1356.1
1324.4
1361.8
1323.2
1334.7
1369.5
1342.3
1345.2
1335.4
1357.3
1361.6
1357.8
1357.1
1352.3
1342.8
1331.6
1327.0
1336.3
1325.8
1319.4
1331.3
1333.0
1328.0
1330.4
1332.8
1359.5
1329.9
1374.2
1321.8
1275.5
1300.1
1293.2
1284.6
1295.1
1352.1
1301.8
1295.1
1300.6
1303.4
1282.5
1305.1
1289.6
1350.4
1293.4
1304.6
1287.5
1351.8
1319.6
1276.3
1317.5
1319.2
1309.9
1292.7
1344.4
1295.8
1292.5
1326.3
1289.8
1288.7
1293.4
1301.5
1299.1
1302.5
1295.1
1298.4
1301.8
1297.2
1315.8
1297.5
1312.7
1302.5
1296.5
1316.1
1317.3
1324.4
1298.2
1302.5
1283.2
1295.1
1298.4
1308.7
1289.1
1276.0
1293.4
1291.5
1301.1
1311.3
1282.5
1287.0
1286.5
1323.5
1296.3
1299.1
1307.5
1309.6
1286.7
1344.0
1283.2
1290.6
1291.0
1299.9
1337.5
1296.8
1348.7
1300.3
1313.2
1303.7
1298.4
1293.4
1298.2
1296.5
1303.7
1305.8
1303.4
1290.8
1288.7
1308.4
1290.3
1305.1
1291.3
1310.3
1297.0
1290.6
1278.2
1323.7
1283.9
1308.0
1302.2
1277.7
1342.8
1296.3
1285.8
1292.2
1285.3
1299.6
1289.6
1316.8
1358.5
1289.6
1297.0
1287.7
1295.1
1296.3
1295.8
1286.0
1300.3
1294.6
1307.7
1303.9
1298.2
1317.7
1292.7
1300.8
1296.0
1294.6
1293.9
1324.2
1337.5
1348.3
1287.9
1320.6
1304.1
1314.9
1316.3
1286.7
1302.2
1286.3
1294.9
1310.3
1304.9
1293.4
1322.7
1305.3
1321.8
1314.9
1357.8
1310.6
1318.9
1292.5
1305.3
1321.1
1328.7
1298.0
1292.5
1311.5
1293.4
1302.2
1289.4
1298.2
1316.3
1301.1
1312.3
1296.8
1290.8
1298.4
1295.6
1294.6
1291.0
1296.0
1288.4
1328.2
1307.5
1311.1
1321.8
1338.0
1336.3
1295.8
1300.6
1296.0
1292.9
1349.0
1318.2
1352.5
1335.4
1317.0
1297.7
1299.4
1300.6
1349.4
1299.9
1305.1
1300.3
1300.1
1329.7
1300.6
1315.1
1328.5
1304.6
1297.2
1355.4
1313.9
1289.6
1355.9
1306.3
1312.0
1293.9
1306.8
1310.6
1290.1
1305.8
1292.5
1287.5
1285.3
1313.0
1334.7
1318.7
1329.2
1324.7
1313.0
1302.2
1295.6
1318.5