156458.1
3630.4
3400.3
3343.3
3327.8
3358.8
3313.8
3319.7
3277.5
3296.6
3267.8
3288.0
3259.2
3266.6
3298.3
3282.3
3292.1
3309.7
3252.5
3240.6
3307.1
3260.9
3261.8
3261.3
3260.1
3233.2
3279.9
3328.8
3325.7
3340.2
3366.2
3260.9
3292.3
3229.9
3227.5
3260.4
3281.8
3338.6
3315.9
3344.1
3342.6
3365.8
3319.3
3306.6
3310.0
3304.7
3264.4
3277.8
3288.3
3272.8
3275.2
3292.3
3289.2
3280.2
3285.2
3309.7
3352.4
3339.5
3337.6
3289.9
3281.1
3305.9
3242.3
3289.5
3254.2
3325.5
3285.2
3293.8
3252.5
3314.3
3273.2
3258.2
3257.3
3246.1
3249.4
3252.0
3258.5
3338.1
3306.4
3285.9
3271.3
3264.7
3308.1
3257.3
3235.8
3297.3
3264.0
3237.0
3284.5
3264.9
4209.0
4267.9
3512.4
3268.5
3291.1
3262.0
3263.0
3340.0
3223.2
3340.2
3336.9
3347.9
3316.9
3330.0
3303.5
3294.9
3302.3
3310.0
3425.8
3434.4
3597.3
3267.0
3317.6
3274.7
3319.5
3306.6
3389.8
3312.8
3316.6
3489.5
3333.8
3302.3
3290.4
3257.3
3265.1
3305.7
3291.6
3341.4
3278.5
3357.4
3339.8
3328.3
3277.5
3249.6
3266.3
3274.9
3261.1
3226.0
3246.1
3303.8
3323.1
3262.8
3270.6
3282.1
3231.8
3225.1
3282.3
3260.9
3244.4
3351.2
3300.4
3281.6
3329.5
3290.9
3261.3
3291.1
3273.0
3398.2
3297.8
3300.0
3300.2
3267.8
3287.3
3245.1
3252.3
3306.4
3301.1
3311.4
3277.5
3246.8
3257.8
3286.4
3248.5
3264.4
3320.5
3254.4
3261.1
3348.4
3261.1
3275.2
3322.6
3269.9
3260.4
3498.3
3365.3
3320.5
3357.9
3384.8
3305.9
3286.4
3321.6
3305.4
3310.2
3268.2
3311.2
3295.2
3319.0
3293.8
3366.0
3325.9
3304.0
3328.8
3345.5
3292.6
3249.6
3353.1
3344.3
3346.0
3335.0
3300.7
3361.2
3277.5
3271.8
3254.7
3310.9
3287.8
3238.7
3352.9
3320.0
3289.7
3314.0
3273.5
3269.9
3319.3
3258.7
3248.2
3238.4
3272.5
3283.7
3250.1
3294.9
3277.3
3250.8
3286.1
3257.8
3234.6
3331.7
3271.1
3276.1
3306.9
3325.9
3288.3
3330.2
3284.5
3265.6
3264.2
3238.0
3245.1
3325.9
3254.4
3230.1
3281.4
3369.8
3250.1
3266.1
3271.6
3277.5
3254.9
3354.5
3245.6
3292.3
3323.6
3264.7
3285.6
3325.7
3301.4
3340.5
3261.3
3293.3
3256.1
3271.3
3380.1
3276.6
3354.5
3356.0
3289.0
3315.0
3304.2
3298.0
3328.1
3272.8
3373.9
3282.3
3312.6
3320.2
3298.0
3323.8
3336.7
3351.9
3306.4
3325.2
3350.3
3285.9
3268.0
3289.2
3305.7
3295.2
3340.2
3344.3
3335.7