5433.7
1385.4
1293.5
1223.1
1177.3
1212.1
1190.3
1199.7
1223.4
1184.5
1237.8
1213.9
1185.0
1222.8
1223.1
1227.2
1179.5
1211.3
1208.7
1208.0
1210.7
1199.6
1171.9
1195.1
1225.4
1201.1
1168.2
1201.2
1163.1
1223.2
1209.3
1191.0
1197.9
1170.3
1210.8
1207.0
1163.6
1212.6
1166.3
1205.9
1204.9
1191.5
1198.8
1203.0
1195.3
1209.8
1162.6
1188.6
1210.5
1223.6
1202.9
1184.4
1197.5
1198.0
1193.2
1196.1
1202.7
1194.2
1194.5
1183.6
1215.8
1197.7
1209.1
1204.7
1213.9
1213.8
1168.6
1190.1
1196.7
1194.5
1197.6
1193.6
1198.5
1199.9
1190.1
1197.5
1191.0
1193.4
1203.9
1222.7
1177.5
1170.2
1187.7
1206.5
1214.7
1196.9
1188.2
1204.2
1205.3
1224.2
1167.3
1193.7
1190.2
1196.2
1183.8
1177.8
1199.8
1206.7
1195.5
1206.5
1217.0
1196.8
1180.1
1217.0
1187.8
1204.2
1184.1
1197.3
1167.5
1185.2
1211.3
1184.8
1158.9
1190.6
1197.4
1211.0
1193.0
1198.0
1196.0
1162.5
1214.3
1164.7
1193.2
1196.4
1187.4
1206.6
1166.9
1159.2
1184.0
1191.7
1175.1
1197.6
1189.9
1187.3
1200.6
1193.9
1203.7
1163.3
1193.8
1192.4
1192.6
1201.0
1180.1
1155.1
1159.7
1161.2
1231.1
1207.4
1156.7
1192.2
1166.1
1217.8
1219.8
1194.5
1160.4
1200.0
1192.3
1177.1
1190.9
1177.7
1190.3
1183.2
1207.8
1189.1
1188.3
1208.3
1194.8
1183.7
1177.2
1192.2
1192.4
1210.6
1191.9
1203.1
1207.8
1227.3
1216.1
1212.3
1181.9
1228.8
1216.6
1210.4
1217.6
1210.9
1197.1
1200.8
1192.5
1196.3
1204.4
1205.1
1207.1
1197.5
1169.8
1190.1
1177.8
1199.6
1197.1
1203.4
1175.6
1193.5
1198.4
1190.5
1166.8
1186.9
1201.4
1215.2
1191.9
1202.7
1216.1
1197.9
1208.7
1221.7
1181.8
1188.8
1214.4
1200.7
1215.1
1195.7
1163.3
1209.0
1197.0
1205.3
1195.8
1199.9
1196.3
1205.0
1203.0
1202.0
1194.8
1203.2
1186.7
1199.1
1223.3
1198.5
1219.0
1194.7
1188.0
1196.7
1208.3
1197.8
1202.4
1195.2
1206.5
1204.3
1206.3
1209.3
1194.1
1207.6
1191.0
1207.7
1209.2
1226.0
1207.4
1215.8
1212.0
1207.8
1199.1
1177.0
1183.0
1210.2
1206.6
1210.1
1210.9
1266.1
1198.0
1212.9
1233.0
1216.8
1225.9
1219.6
1213.2
1213.1
1218.0
1201.4
1202.3
1209.0
1207.3
1260.9
1217.9
1206.8
1190.1
1199.3
1199.8
1182.1
1188.2
1186.6
1174.1
1189.5
1187.6
1194.9
1180.2
1155.2
1182.1
1194.5
1186.6
1182.6
1179.4
1200.6
1179.2
1184.2