1747811.6
32878.2
1731.4
1599.8
1478.2
1459.4
1391.2
1376.9
1362.3
1363.0
1341.8
1379.3
1421.0
1363.0
1353.3
1357.1
1346.3
1353.3
1373.1
1354.2
1358.5
1359.2
1376.6
1365.7
1380.2
1359.7
1364.2
1427.9
1351.6
1383.8
1356.1
1357.3
1384.3
1411.0
1381.4
1354.7
1385.9
1378.1
1418.8
1366.1
1372.3
1367.8
1391.2
1363.8
1354.2
1368.3
1395.2
1356.4
1376.2
1361.4
1359.7
1367.6
1359.9
1373.1
1357.6
1356.6
1387.4
1423.4
1381.6
1361.8
1350.6
1419.3
1355.9
1381.4
1363.3
1343.5
1351.1
1340.9
1364.9
1364.9
1368.3
1336.3
1374.0
1341.1
1343.7
1454.4
1450.5
1390.5
1371.4
1395.5
1377.8
1359.0
1359.5
1319.4
1333.5
1333.7
1349.4
1380.9
1377.1
1360.2
1363.0
1393.6
1461.3
1362.8
1359.9
1362.8
1432.4
1369.5
1362.8
1453.2
1455.1
1471.5
1458.6
1394.5
1379.5
1368.0
1349.9
1415.3
1357.1
1362.6
1383.5
1376.4
1324.4
1309.4
1348.0
1372.8
1392.8
1416.4
1423.1
1357.3
1463.7
1445.8
1335.9
1421.2
1429.3
1425.5
1428.8
1347.1
1454.1
1433.1
1424.6
1459.1
1411.7
1507.3
1416.7
1427.4
1409.1
1452.7
1427.4
1407.1
1504.4
1480.1
1491.3
1414.5
1419.8
1406.4
1422.2
1401.4
1496.3
1414.5
1445.8
1431.0
1393.8
1434.6
1413.8
1429.8
1492.3
1342.3
1318.5
1331.3
1344.2
1328.9
1368.8
1442.9
1426.2
1370.4
1336.6
1387.1
1333.0
1424.1
1339.7
1429.3
1330.4
1443.9
1380.4
1413.1
1393.6
1360.7
1314.6
1330.9
1351.6
1348.3
1317.0
1423.4
1332.8
1339.4
1333.0
1327.3
1354.2
1332.8
1447.0
1427.4
1361.8
1497.0
1360.9
1393.1
1467.0
1448.2
1446.2
1369.7
1344.7
1345.9
1320.4
1380.7
1337.8
1371.6
1380.7
1444.6
1371.9
1341.1
1322.3
1366.6
1334.4
1340.6
1365.7
1321.8
1317.0
1336.1
1318.0
1319.2
1323.5
1344.4
1340.9
1331.8
1401.4
1342.1
1361.1
1319.4
1312.5
1356.1
1331.1
1324.7
1344.9
1338.2
1365.7
1328.9
1310.8
1306.5
1341.8
1324.9
1344.9
1341.6
1327.5
1331.6
1454.6
1428.8
1356.8
1334.0
1341.3
1351.4
1334.0
1351.8
1360.4
1383.5
1317.0
1310.3
1312.3
1309.6
1327.3
1449.3
1442.0
1330.1
1321.6
1333.7
1313.9
1427.4
1453.6
1417.4
1488.2
1431.7
1426.9
1416.2
1385.9
1342.3
1323.0
1328.0
1313.9
1313.7
1329.7
1338.7
1348.3
1394.5
1328.7
1340.9
1322.7
1333.5
1364.2
1311.8
1316.5
1337.8
1346.8
1305.6
1314.6
1316.1
1335.4
1322.0
1328.2
1348.7
1313.4
1433.8