601303.1
9693.1
1411.9
14744.0
5455.0
3500.0
2485.0
2106.9
1279.1
1938.1
1277.0
1269.8
2133.8
1292.9
1313.9
1277.0
2323.9
1304.9
1273.9
1284.1
1283.9
2893.0
1280.1
1318.9
1278.9
1344.2
1277.0
2739.2
1280.1
1336.8
1348.0
1273.9
1269.1
1287.9
2524.1
1279.1
1339.9
1275.1
1289.1
1280.1
1287.0
1285.1
2332.9
1298.0
1285.1
1264.1
1276.0
1271.0
1296.0
1298.9
1334.9
2350.1
1285.1
1283.9
1277.9
1294.1
1272.9
1308.0
1273.9
1299.9
1283.2
2359.9
1282.0
1268.9
1283.2
1300.1
1272.0
1262.9
1278.9
1278.2
1271.0
1307.0
2423.0
1295.1
1281.0
1307.0
1308.2
1292.9
1279.1
1297.0
1277.9
1308.9
1282.9
1278.2
3289.0
1283.2
1273.9
1339.2
1280.1
1302.0
1286.0
1273.2
1313.0
1280.1
1323.9
1281.0
1282.0
3464.0
1298.0
1274.1
1271.0
1277.9
1279.1
1281.0
1272.0
1274.1
1309.2
1294.9
1280.8
1282.0
1275.1
3025.1
1276.0
1292.0
1336.1
1280.1
1288.9
1272.0
1277.9
1283.2
1287.0
1291.0
1260.0
1238.1
1241.9
1267.2
2811.0
1261.0
1249.1
1242.2
1241.0
1241.0
1245.0
1240.0
1242.9
1244.1
1238.1
1244.1
1272.0
1244.1
1295.1
1243.1
1237.9
1257.2
1292.0
1240.0
1243.1
1244.1
3824.0
1246.9
1246.9
1241.9
1245.0
1241.0
1265.0
1252.9
1251.9
1272.9
1248.8
1300.1
1227.1
1243.8
1252.9
1255.0
1278.2
1242.9
3273.0
1253.8
1261.0
1241.0
1256.9
1261.9
1245.0
1259.1
1234.1
1291.0
1245.0
1285.1
1251.9
1234.1
1289.1
1292.9
1248.1
1236.0
1258.1
1246.0
1237.2
1253.8
1245.0
1265.0
1235.0
1298.9
3175.0
1247.9
1249.1
1287.0
1246.0
1256.0
1242.9
1273.2
1273.9
1267.9
1231.2
1246.9
1270.1
1243.1
1251.9
1241.0
1237.9
1261.0
1260.0
1259.1
1234.1
1238.8
1265.0
1302.0
3902.9
1243.1
1259.1
1251.9
1305.1
1255.0
1235.0
1241.9
1238.1
1300.1
1266.0
1240.0
1243.8
1277.2
1245.0
1235.0
1244.1
1257.9
1232.9
1242.9
1263.1
1250.0
1239.1
1240.0
1298.9
1264.1
1263.1
3572.9
1261.0
1248.1
1272.9
1249.1
1242.2
1261.9
1251.9
1257.9
1235.0
1261.0
1262.2
1245.0
1271.0
1262.9
1241.2
1263.9
1247.2
1241.9
1261.9
1289.8
1237.2
1257.9
1259.8
1288.2
1252.9
1251.0
1241.0
1265.0
3362.9
1251.9
1288.9
1315.8
1251.9
1256.0
1275.1
1254.1
1276.0
1246.0
1268.1
1284.8
1253.1
1246.9
1246.9
1261.0
1272.0
1246.2
1248.8
1263.9
1260.0
1261.2
1249.8
1249.8
1265.0
1302.0
1243.8
1272.0