5336.6
1470.0
1366.8
1264.3
1248.0
1252.4
1264.4
1246.5
1211.7
1210.5
1236.5
1263.4
1241.7
1215.6
1248.2
1236.3
1246.2
1226.8
1189.8
1211.8
1184.5
1184.7
1204.0
1178.5
1206.7
1183.5
1186.1
1211.4
1237.9
1209.6
1179.4
1208.0
1214.5
1212.6
1200.5
1166.0
1174.2
1212.0
1205.5
1208.7
1203.1
1209.5
1208.8
1294.3
1247.0
1217.9
1178.1
1187.2
1228.0
1227.2
1196.1
1221.2
1248.6
1192.9
1226.7
1226.5
1208.6
1222.1
1215.6
1192.9
1228.3
1224.1
1219.8
1199.4
1199.5
1202.4
1233.8
1209.6
1236.5
1235.3
1255.1
1189.1
1184.2
1222.9
1220.8
1247.0
1205.6
1210.4
1189.3
1196.3
1180.0
1181.9
1208.6
1180.3
1194.1
1218.7
1258.1
1206.1
1212.1
1237.3
1201.5
1180.0
1183.7
1210.0
1236.2
1209.3
1199.7
1206.9
1216.9
1184.7
1201.4
1201.5
1203.6
1179.9
1203.8
1201.9
1243.7
1202.8
1216.7
1197.8
1200.3
1175.3
1200.6
1217.4
1205.2
1198.8
1193.7
1198.1
1227.7
1201.1
1222.9
1200.1
1185.9
1208.2
1203.9
1222.2
1222.4
1233.6
1232.5
1197.2
1198.0
1193.4
1241.3
1197.9
1229.9
1197.9
1200.9
1230.1
1198.0
1193.6
1220.6
1246.8
1218.3
1223.6
1224.7
1229.1
1196.5
1288.2
1229.2
1197.9
1220.9
1198.8
1198.2
1206.3
1226.5
1201.0
1197.7
1197.4
1195.3
1194.1
1201.4
1218.3
1201.1
1217.9
1244.4
1199.6
1213.0
1192.8
1213.9
1231.9
1212.2
1208.8
1218.9
1239.1
1215.4
1206.1
1212.0
1214.5
1224.0
1199.8
1202.9
1178.7
1206.5
1244.8
1207.8
1205.5
1212.7
1244.8
1253.7
1227.5
1218.6
1226.6
1235.3
1220.8
1219.6
1220.6
1231.7
1221.8
1205.1
1200.6
1199.4
1180.9
1214.8
1200.3
1212.1
1212.4
1203.0
1218.6
1209.0
1206.2
1218.1
1215.1
1206.8
1218.0
1201.8
1214.2
1202.3
1214.6
1210.7
1232.8
1206.4
1222.0
1216.7
1215.8
1213.3
1203.7
1205.4
1219.7
1204.5
1203.6
1207.4
1232.4
1171.3
1210.5
1200.5
1213.6
1203.0
1203.3
1180.6
1200.4
1216.9
1204.7
1202.9
1190.7
1181.3
1216.6
1226.4
1215.0
1223.1
1210.9
1210.9
1201.9
1193.0
1214.1
1202.3
1208.3
1208.5
1226.1
1194.8
1196.8
1207.9
1231.6
1210.6
1203.3
1215.0
1205.5
1216.1
1208.0
1197.8
1190.9
1199.0
1198.3
1204.1
1211.2
1201.3
1207.7
1213.8
1217.7
1175.0
1208.8
1202.5
1217.7
1204.0
1203.8
1194.7
1201.7
1204.6
1197.4
1203.9
1223.7
1210.6
1224.1
1216.6
1186.6
1208.2
1217.7
1209.6
1216.2
1210.0
1213.0