5224.3
1331.0
1314.0
1208.3
1208.4
1202.1
1254.0
1194.5
1201.9
1205.8
1175.1
1287.1
1192.4
1193.0
1188.3
1221.9
1219.9
1160.6
1196.5
1210.7
1216.6
1200.2
1167.8
1164.5
1173.0
1192.2
1166.6
1159.5
1165.7
1160.6
1164.1
1159.0
1185.5
1165.2
1164.9
1162.7
1155.7
1176.7
1189.3
1228.6
1172.5
1162.2
1156.3
1192.8
1163.4
1164.8
1133.6
1159.5
1186.9
1207.7
1140.3
1169.5
1164.4
1228.4
1170.1
1181.5
1168.9
1164.0
1161.6
1162.0
1170.9
1177.4
1177.4
1178.3
1167.1
1195.4
1185.6
1238.5
1165.2
1165.9
1161.4
1175.8
1172.5
1171.4
1159.7
1172.8
1160.6
1187.8
1167.4
1175.1
1169.7
1172.0
1195.1
1174.4
1170.9
1157.3
1159.9
1172.3
1204.0
1178.1
1161.0
1130.5
1182.2
1219.6
1179.4
1160.9
1172.3
1168.0
1158.3
1192.8
1195.0
1164.7
1170.0
1167.9
1167.4
1186.2
1184.9
1161.2
1169.3
1163.6
1203.7
1177.8
1160.8
1161.7
1156.2
1160.9
1180.6
1201.5
1162.1
1161.1
1165.1
1164.4
1154.1
1183.6
1225.6
1163.6
1164.9
1163.7
1187.1
1168.9
1156.5
1149.5
1172.1
1186.8
1183.2
1175.3
1164.9
1151.3
1224.3
1157.9
1186.4
1167.3
1171.7
1179.8
1172.7
1197.9
1172.0
1166.7
1165.8
1160.5
1191.8
1194.2
1242.9
1162.7
1164.2
1187.7
1213.2
1161.3
1159.8
1178.2
1164.0
1186.9
1184.4
1161.9
1172.5
1163.7
1184.2
1192.5
1170.6
1168.7
1165.0
1165.2
1189.9
1187.1
1168.9
1184.8
1164.8
1169.9
1189.4
1175.5
1167.8
1187.0
1182.8
1198.0
1200.1
1178.3
1167.3
1177.6
1168.5
1186.6
1185.9
1170.8
1175.8
1186.3
1165.5
1190.4
1179.5
1174.5
1179.3
1177.3
1193.6
1174.2
1168.7
1163.8
1186.9
1191.5
1199.3
1163.7
1165.9
1170.3
1166.0
1182.9
1182.0
1168.2
1153.6
1158.3
1194.2
1193.6
1206.8
1172.9
1170.6
1181.6
1171.2
1199.4
1168.1
1168.4
1191.5
1194.4
1204.4
1189.7
1187.4
1194.2
1196.8
1205.7
1206.7
1186.9
1199.1
1194.8
1207.2
1207.3
1189.2
1191.7
1169.0
1198.4
1196.1
1183.5
1192.2
1191.1
1203.3
1204.1
1193.1
1196.4
1188.8
1162.9
1212.6
1194.1
1202.7
1197.9
1197.7
1197.3
1196.0
1197.7
1162.3
1191.0
1206.6
1166.6
1196.4
1199.6
1191.9
1212.1
1164.1
1190.6
1194.5
1194.2
1203.8
1195.8
1192.8
1189.4
1192.3
1201.2
1185.8
1183.5
1191.6
1192.8
1174.9
1197.7
1185.9
1188.0
1194.5
1198.5
1183.5
1193.8
1182.9
1190.3
1193.2
1209.1
1193.2
1195.7
1296.5
1229.8