1638447.5
1752.4
1500.8
1470.8
1452.7
1446.2
1520.4
1437.2
1447.4
1443.1
1453.2
1453.6
1433.4
1459.6
1454.1
1439.8
1428.4
1439.8
1436.9
1497.5
1434.3
1466.0
1499.4
1464.4
1437.4
1435.8
1462.7
1431.0
1501.3
1436.5
1479.1
1465.3
1457.0
1478.7
1458.4
1455.3
1435.0
1436.9
1591.4
1439.3
1427.9
1450.3
1464.4
1440.3
1491.5
1428.4
1421.9
1434.3
1420.0
1456.3
1454.8
1423.1
1441.7
1435.0
1454.8
1460.3
1450.3
1471.0
1443.9
1457.0
1485.8
1468.4
1452.0
1466.5
1466.8
1453.9
1456.7
1463.7
1451.3
1450.8
1467.5
1436.5
1445.1
1448.9
1502.5
1449.3
1406.2
1405.5
1427.2
1416.0
1409.1
1422.9
1434.8
1411.2
1431.2
1426.7
1401.2
1383.3
1405.5
1436.9
1418.1
1450.3
1451.3
1435.0
1440.3
1443.4
1424.3
1419.1
1409.8
1407.6
1397.1
1402.1
1424.6
1397.8
1458.9
1405.7
1433.4
1424.3
1440.0
1412.9
1403.8
1426.5
1394.5
1388.5
1431.7
1447.7
1428.4
1399.0
1419.1
1462.9
1413.6
1420.5
1420.5
1482.2
1431.2
1476.8
1460.8
1422.2
1431.9
1424.3
1420.7
1409.1
1405.7
1441.0
1430.0
1477.5
1450.5
1417.6
1440.0
1410.5
1422.9
1399.8
1411.4
1440.0
1425.5
1424.8
1417.4
1395.2
1466.3
1434.1
1433.6
1435.5
1441.5
1418.8
1429.6
1426.2
1397.1
1400.7
1405.2
1384.0
1409.8
1403.1
1413.1
1408.3
1429.1
1411.9
1416.7
1419.8
1423.6
1416.2
1404.8
1409.1
1469.1
1397.6
1453.2
1410.0
1401.9
1417.9
1416.4
1406.4
1440.3
1439.3
1410.7
1402.1
1421.2
1426.5
1457.9
1406.2
1474.4
1421.2
1471.3
1429.3
1436.2
1413.1
1410.2
1430.7
1454.4
1510.6
1470.1
1424.1
1428.8
1422.9
1419.8
1449.3
1426.2
1414.1
1483.9
1470.1
1480.1
1424.8
1404.8
1433.4
1427.9
1444.1
1490.1
1434.6
1410.7
1431.2
1430.0
1394.0
1404.8
1409.3
1401.2
1443.4
1416.2
1443.4
1408.3
1403.3
1443.9
1430.3
1444.6
1457.7
1486.8
1427.2
1409.8
1439.6
1434.6
1396.7
1390.9
1432.7
1408.1
1408.3
1395.9
1424.1
1468.2
1474.4
1457.9
1448.9
1439.1
1439.6
1417.9
1448.4
1426.9
1431.7
1470.3
1473.9
1467.9
1411.2
1421.0
1409.3
1400.9
1434.3
1450.3
1426.0
1415.0
1405.2
1460.8
1411.0
1408.3
1420.0
1390.9
1410.0
1389.5
1434.8
1410.7
1404.0
1404.0
1407.4
1456.7
1441.5
1428.6
1474.4
1404.5
1401.4
1400.2
1384.5
1395.2
1414.1
1462.9
1389.5
1416.9
1402.6
1429.6
1497.7
1436.0
1415.7
1400.9
1422.9
1407.9
1459.1