153111.2
3625.2
3327.6
3352.6
3279.0
3299.7
3264.2
3301.4
3251.3
3270.9
3265.6
3240.3
3288.0
3229.1
3284.0
3268.5
3254.7
3268.5
3251.6
3244.9
3244.4
3336.4
3236.1
3300.7
3253.5
3268.0
3337.9
3229.9
3263.0
3277.3
3264.0
3350.5
3247.3
3293.5
3260.4
3289.9
3259.7
3367.9
3336.2
3465.4
3363.6
3318.1
3277.1
3291.4
3289.7
3285.9
3246.8
3258.5
3260.1
3240.1
3292.3
3307.3
3278.0
3305.0
3294.9
3284.2
3292.1
3303.5
3266.6
3269.0
3296.4
3293.8
3334.0
3317.8
3366.9
3298.8
3306.9
3287.8
3295.2
3310.9
3291.6
3310.7
3255.1
3294.7
3301.1
3253.5
3297.6
3385.5
3319.3
3335.0
3300.7
3292.3
3225.8
3296.1
3309.2
3268.0
3282.3
3227.0
3220.1
3252.3
3246.8
3254.7
3264.4
3391.0
3283.0
3260.4
3247.3
3217.5
3245.1
3263.0
3315.0
3296.1
3267.3
3259.4
3283.7
3263.7
3244.4
3238.7
3257.3
3277.5
3230.8
3246.3
3265.9
3302.8
3276.1
3285.4
3277.5
3263.7
3331.7
3268.5
3237.5
3284.7
3243.9
3285.4
3284.9
3293.8
3271.3
3268.0
3296.6
3283.5
3293.8
3239.4
3261.3
3262.3
3289.5
3256.8
3226.8
3241.3
3246.1
3268.7
3254.7
3229.9
3300.9
3290.9
3280.6
3284.0
3246.5
3235.1
3378.4
3329.5
3238.7
3269.2
3315.2
3226.3
3263.5
3302.8
3248.0
3209.1
3232.2
3270.6
3236.1
3316.4
3284.7
3229.4
3286.4
3262.8
3271.3
3273.7
3279.0
3300.4
3260.1
3266.6
3290.9
3288.3
3309.7
3287.6
3271.6
3271.8
3309.2
3277.5
3281.4
3333.3
3275.9
3288.0
3293.3
3342.2
3286.6
3295.4
3249.4
3269.7
3308.5
3318.5
3324.0
3281.1
3275.2
3282.8
3256.3
3261.1
3271.6
3260.4
3272.8
3245.1
3282.5
3307.1
3247.7
3289.2
3331.2
3345.3
3271.3
3283.0
3305.9
3259.2
3295.9
3285.9
3277.5
3279.9
3287.6
3314.3
3225.8
3251.6
3277.5
3283.0
3244.2
3301.4
3245.4
3250.8
3293.5
3245.1
3230.3
3248.2
3293.8
3336.9
3251.6
3304.0
3259.7
3238.9
3322.8
3298.5
3278.7
3290.7
3276.1
3256.1
3255.4
3273.0
3286.8
3275.9
3295.7
3293.8
3292.8
3261.6
3267.8
3288.7
3243.7
3294.5
3279.0
3300.0
3272.3
3276.1
3295.9
3305.4
3263.5
3269.4
3283.7
3239.6
3309.5
3292.3
3268.5
3286.1
3297.3
3244.9
3256.3
3269.0
3254.2
3300.9
3245.8
3238.2
3266.1
3254.9
3283.5
3263.5
3256.6
3012.4
3316.6
2816.7
2860.1
2818.3
3138.3
2819.3
3015.8
3131.2
2866.7
2913.5
2798.3
2833.6
2807.4
2831.2
2800.2
2805.2
2799.0
2865.1