4368512.9
1778.6
1700.2
1565.9
1602.9
1535.9
1500.8
1523.0
1528.0
1467.9
1449.6
1464.8
1505.1
1462.5
1488.7
1466.3
1445.3
1454.4
1454.6
1445.1
1448.4
1462.2
1458.9
1472.0
1430.5
1430.5
1433.4
1438.1
1479.1
1498.5
1443.1
1428.1
1442.9
1451.3
1459.8
1445.3
1514.9
1437.2
1448.4
1441.5
1426.5
1449.6
1457.9
1466.5
1456.7
1456.5
1447.2
1457.2
1453.4
1455.5
1447.9
1466.5
1455.1
1491.1
1414.8
1436.9
1444.6
1454.8
1450.3
1427.7
1433.6
1404.0
1414.8
1428.8
1401.9
1425.0
1455.3
1427.9
1423.6
1402.9
1399.0
1396.9
1409.1
1410.0
1406.0
1411.0
1388.5
1424.3
1390.5
1392.8
1413.3
1433.6
1423.6
1421.9
1413.1
1421.0
1405.2
1402.1
1417.6
1417.2
1399.0
1416.0
1415.7
1393.8
1414.5
1396.4
1401.7
1408.1
1402.1
1446.2
1427.4
1457.9
1458.2
1385.5
1412.2
1414.8
1406.0
1418.1
1464.8
1412.2
1383.8
1408.3
1429.6
1462.7
1425.5
1420.3
1409.3
1403.6
1408.3
1433.4
1424.6
1442.7
1437.9
1415.7
1390.9
1454.8
1434.6
1447.9
1474.1
1425.3
1409.5
1438.6
1406.2
1454.8
1458.6
1401.7
1409.5
1397.1
1410.2
1420.0
1437.2
1433.6
1388.1
1388.8
1398.6
1430.3
1420.0
1441.2
1436.9
1401.9
1412.6
1421.7
1406.0
1405.2
1417.2
1404.0
1409.5
1395.9
1414.1
1418.1
1419.3
1431.9
1437.7
1418.4
1414.1
1465.3
1421.5
1399.8
1412.2
1408.6
1394.5
1397.6
1415.3
1414.8
1410.7
1415.3
1413.1
1437.4
1404.0
1412.6
1392.1
1392.8
1468.7
1401.7
1470.6
1395.7
1419.3
1396.9
1433.8
1400.0
1409.3
1435.3
1408.1
1413.6
1411.4
1406.0
1401.4
1419.3
1420.5
1413.1
1394.3
1466.8
1455.5
1392.6
1410.2
1443.9
1431.2
1439.3
1416.0
1411.7
1420.5
1433.8
1427.9
1418.6
1407.6
1405.7
1424.3
1404.0
1406.9
1409.3
1395.7
1420.3
1416.7
1419.8
1416.2
1449.1
1475.1
1389.0
1419.5
1423.1
1402.1
1406.2
1404.5
1401.4
1427.9
1394.0
1425.5
1405.5
1421.2
1471.3
1410.2
1433.8
1461.7
1454.1
1436.7
1416.0
1422.6
1404.3
1426.7
1405.0
1404.3
1441.7
1431.9
1433.1
1435.3
1475.8
1401.7
1436.7
1412.2
1457.2
1396.9
1396.9
1466.0
1401.2
1431.2
1391.9
1392.1
1400.7
1395.9
1465.6
1401.4
1393.6
1387.4
1406.7
1420.3
1446.2
1460.1
1435.5
1414.3
1417.4
1400.2
1438.9
1451.5
1428.8
1401.9
1407.4
1398.6
1402.4
1407.4
1405.2
1496.6
1449.3
1432.4
1430.5
1395.9
1421.7
1396.2
1419.3
1414.1
1421.7