4512404.0
13578.2
1372.1
546410.1
7543.1
4887.1
3508.1
3126.9
1287.9
3308.1
1319.9
1277.9
3794.0
1331.1
1297.0
1288.2
4144.9
1299.1
1287.9
1288.9
1279.1
4450.1
1320.1
1281.0
1333.0
1284.1
1292.0
4550.0
1330.1
1304.1
1287.9
1267.9
1315.1
1341.1
4661.1
1369.0
1351.1
1300.1
1314.2
1310.1
1300.1
1294.9
4740.0
1323.0
1289.1
1276.0
1337.1
1273.9
1283.9
1334.9
1280.1
4464.1
1292.9
1285.1
1336.1
1303.0
1334.9
1328.0
1286.0
1297.0
1309.2
4535.0
1341.1
1281.0
1282.0
1270.1
1282.2
1298.9
1287.0
1308.9
1265.0
1294.1
4514.9
1293.2
1282.9
1320.8
1272.9
1327.0
1276.0
1298.9
1280.1
1272.9
1286.0
1301.1
4401.9
1292.0
1275.1
1287.9
1339.9
1307.0
1294.9
1277.0
1295.8
1293.9
1278.2
1272.0
1275.1
4768.1
1344.0
1282.9
1289.1
1286.0
1314.2
1298.0
1278.2
1344.0
1348.0
1285.1
1277.0
1287.0
1261.9
4516.1
1329.2
1280.1
1282.0
1281.0
1318.0
1282.0
1287.0
1285.1
1306.1
1280.1
1344.9
1272.0
1297.0
1298.9
4769.1
1328.9
1274.1
1353.0
1349.2
1305.8
1292.9
1281.0
1275.1
1267.0
1298.0
1289.1
1306.1
1292.0
1282.0
1298.0
1271.0
1299.1
1307.0
1300.1
1278.9
1289.8
4822.0
1305.1
1339.0
1287.0
1280.1
1298.0
1284.1
1272.0
1292.0
1340.9
1273.9
1321.1
1283.2
1277.9
1283.2
1271.0
1302.0
1277.9
4774.8
1332.0
1296.0
1311.8
1287.9
1325.1
1273.9
1281.0
1283.9
1329.9
1292.2
1278.9
1281.0
1291.0
1274.1
1293.9
1282.0
1271.0
1272.9
1287.9
1329.2
1307.0
1277.9
1240.0
1253.8
1246.9
4735.0
1276.0
1277.9
1246.9
1292.0
1241.0
1301.1
1243.1
1240.0
1287.0
1241.0
1234.8
1299.9
1225.9
1264.1
1232.9
1236.0
1277.0
1236.9
1299.1
1230.0
1253.1
1237.9
1236.9
5044.0
1274.1
1262.9
1272.9
1239.1
1256.0
1241.9
1249.1
1260.0
1225.0
1244.1
1246.0
4354.0
1293.9
1300.1
1257.2
1250.0
1241.9
1238.1
1272.0
1244.1
1232.1
1227.9
1231.9
1298.0
1240.0
1242.9
4955.1
1308.2
1236.0
1228.1
1241.9
1228.8
1253.8
1242.9
1238.8
1289.8
1280.1
1242.2
1250.0
1218.1
1247.9
1290.1
1265.0
1231.9
1259.1
1260.0
1265.0
1255.0
1244.1
1234.1
1256.9
1237.9
1237.2
1254.1
1270.1
4581.0
1257.9
1254.8
1246.9
1278.2
1278.9
1277.9
1250.0
1260.0
1261.9
1277.0
1302.0
1251.9
1233.8
1247.9
1260.0
1242.2
1232.9
1241.0
1262.9
1263.9
1256.0
1247.9
1255.0
1232.1
1256.0
1241.9
1235.0