601744.9
9621.1
1345.9
14102.0
5155.1
3823.0
2496.0
2047.1
1303.0
1887.1
1294.1
1303.9
1905.0
1281.0
1298.9
1283.9
1879.0
1308.0
1275.1
1272.9
1300.1
1948.1
1276.0
1282.0
1288.2
1276.0
1298.0
2542.0
1274.8
1274.8
1285.8
1261.0
1301.1
1292.9
2368.0
1306.8
1273.9
1292.9
1273.9
1340.9
1282.9
1295.1
2219.0
1277.9
1266.0
1280.8
1282.0
1283.9
1303.0
1278.9
1295.8
2283.8
1293.9
1279.1
1282.0
1283.2
1270.1
1292.0
1273.9
1329.9
1271.0
2736.1
1298.0
1263.9
1287.0
1272.9
1304.1
1284.1
1302.0
1287.0
1301.1
1338.0
2459.0
1268.1
1277.9
1290.1
1275.1
1275.1
1281.0
1291.0
1272.0
1279.1
1279.1
1277.9
3149.0
1284.8
1281.0
1272.9
1266.0
1267.0
1303.9
1277.0
1269.8
1268.1
1276.0
1272.9
1275.8
2735.9
1276.0
1272.9
1294.1
1273.2
1294.9
1283.9
1309.2
1303.0
1287.0
1272.2
1340.9
1300.1
1286.0
3680.0
1284.1
1275.1
1284.1
1285.1
1274.8
1284.8
1269.8
1285.8
1292.0
1287.9
1274.1
1273.9
1353.0
1279.1
3056.0
1301.1
1276.0
1306.1
1294.1
1298.0
1300.1
1282.9
1287.0
1282.9
1281.0
1289.1
1276.0
1298.0
1292.0
1277.0
1277.0
1280.1
1271.0
1268.1
1339.0
1292.9
3197.9
1278.2
1292.9
1284.1
1270.1
1287.9
1281.0
1293.9
1279.1
1287.9
1270.1
1277.9
1271.0
1285.8
1279.1
1265.0
1311.1
1310.1
2905.8
1276.0
1292.9
1271.0
1282.0
1284.1
1267.0
1271.0
1266.0
1267.0
1267.0
1294.9
1276.0
1274.8
1315.8
1348.0
1308.9
1286.0
1281.0
1283.9
1282.0
1266.0
1266.0
1282.9
1272.9
1286.0
3188.1
1310.1
1282.9
1274.1
1277.0
1301.1
1275.1
1269.1
1282.0
1294.1
1313.9
1249.1
1242.2
1298.9
1249.1
1300.1
1261.0
1238.1
1256.9
1252.9
1304.1
1261.9
1265.0
1292.0
3232.0
1269.8
1254.1
1272.0
1232.9
1247.2
1260.0
1246.9
1242.2
1244.1
1246.9
1253.1
1253.1
1298.9
1246.9
1237.9
1241.2
1241.9
1238.1
1240.0
1241.0
1227.9
1297.0
1265.0
1243.1
1239.1
1248.1
3346.0
1267.0
1261.0
1257.9
1277.0
1245.0
1257.9
1250.0
1255.0
1243.8
1245.0
1253.8
1248.1
1264.1
1249.1
1252.9
1244.1
1236.0
1251.9
1308.0
1284.1
1256.0
1237.2
1241.9
1235.0
1245.0
1318.0
1266.0
1242.2
3397.9
1253.8
1250.0
1258.1
1249.1
1316.1
1251.0
1244.1
1255.0
1258.1
1251.9
1236.0
1246.0
1286.0
1256.0
1271.0
1256.9
1268.9
1239.1
1280.1
1252.9
1261.0
1243.8
1306.1
1278.2
1245.0
1246.0
1247.9