3776419.9
27865.9
1683.5
1527.5
1462.7
1427.4
1411.2
1364.7
1370.4
1386.2
1363.0
1354.9
1368.3
1358.0
1358.0
1410.5
1410.7
1353.7
1327.8
1369.5
1338.2
1336.1
1354.5
1343.3
1329.4
1364.2
1349.9
1339.9
1361.1
1374.7
1420.3
1334.9
1358.0
1349.9
1334.0
1365.9
1325.1
1340.6
1328.5
1348.5
1358.0
1346.8
1321.1
1331.3
1365.7
1336.1
1341.8
1361.8
1343.7
1329.2
1342.3
1336.8
1349.7
1345.6
1327.3
1339.9
1333.7
1341.3
1336.6
1395.2
1332.8
1336.6
1339.2
1332.8
1332.5
1334.2
1330.1
1389.7
1335.6
1366.4
1344.4
1338.7
1347.5
1334.2
1362.8
1332.5
1338.7
1343.7
1327.5
1360.7
1345.2
1340.6
1406.2
1327.8
1333.0
1385.0
1333.0
1354.7
1327.5
1300.3
1288.4
1289.4
1292.7
1287.7
1298.7
1309.4
1334.2
1299.6
1290.6
1349.0
1314.6
1310.6
1354.7
1298.2
1316.5
1297.0
1300.8
1303.2
1295.8
1329.9
1302.0
1293.2
1293.9
1302.0
1294.9
1306.3
1303.7
1307.2
1297.0
1285.8
1328.2
1298.0
1297.7
1292.0
1306.5
1290.1
1357.1
1314.9
1299.9
1295.6
1292.7
1288.4
1347.5
1352.5
1303.7
1296.8
1302.2
1303.7
1300.1
1299.6
1280.8
1306.3
1312.5
1287.7
1300.1
1284.4
1302.0
1287.5
1345.2
1328.2
1289.4
1287.5
1308.0
1291.0
1312.0
1292.9
1286.3
1309.6
1291.8
1292.7
1292.5
1295.3
1325.4
1292.7
1299.1
1302.0
1327.8
1294.4
1296.8
1303.4
1295.8
1288.4
1320.6
1293.9
1293.9
1320.4
1288.7
1305.1
1293.7
1302.5
1312.5
1329.4
1300.1
1344.4
1298.7
1312.0
1313.4
1292.0
1294.1
1281.5
1317.0
1335.6
1294.6
1291.5
1308.2
1308.2
1289.6
1294.9
1300.8
1296.0
1292.9
1297.5
1360.7
1322.3
1307.7
1295.3
1330.9
1303.2
1303.9
1298.9
1298.2
1298.2
1303.2
1315.6
1302.2
1309.2
1292.0
1306.3
1321.1
1313.2
1301.8
1298.4
1306.8
1322.0
1296.5
1364.7
1359.5
1301.1
1312.3
1308.7
1320.1
1297.2
1303.0
1302.7
1298.9
1298.4
1312.3
1359.2
1316.8
1310.8
1308.2
1292.2
1288.2
1301.3
1294.6
1302.2
1318.2
1303.0
1298.2
1346.3
1307.5
1306.5
1312.0
1358.7
1326.1
1299.4
1333.5
1317.0
1306.5
1308.7
1303.0
1290.8
1308.9
1297.5
1303.0
1300.1
1320.4
1306.5
1302.2
1307.5
1307.0
1297.5
1344.9
1349.7
1309.4
1303.9
1296.3
1300.6
1300.3
1308.2
1316.5
1343.3
1303.0
1289.6
1293.7
1303.9
1298.9
1304.9
1287.9
1312.7
1311.8
1314.9
1317.7
1311.3
1305.6
1324.4
1333.0
1288.2
1306.3
1300.3