1706037.3
33924.3
1685.4
1436.7
1391.2
1396.2
1365.4
1376.2
1376.2
1376.6
1368.3
1378.1
1370.9
1432.9
1369.2
1392.6
1371.9
1375.0
1360.4
1385.0
1383.3
1364.5
1394.7
1382.8
1360.7
1376.4
1368.0
1368.0
1366.6
1422.9
1416.2
1373.8
1374.2
1375.7
1398.1
1369.2
1404.0
1380.7
1371.9
1357.3
1384.0
1388.3
1366.9
1362.6
1380.0
1360.2
1387.1
1398.3
1424.3
1361.8
1394.0
1377.8
1385.7
1362.6
1383.1
1358.0
1367.3
1373.1
1366.1
1390.5
1355.4
1376.9
1400.2
1358.0
1367.8
1360.7
1400.0
1402.9
1403.3
1364.5
1386.9
1379.3
1382.8
1364.7
1380.9
1360.2
1346.3
1373.3
1373.5
1356.1
1396.7
1357.3
1367.8
1376.2
1367.1
1364.0
1412.6
1371.4
1386.4
1365.4
1351.4
1375.9
1355.2
1365.9
1358.3
1432.7
1366.9
1361.4
1359.2
1360.2
1319.9
1320.8
1337.5
1319.2
1353.0
1327.0
1355.2
1319.4
1327.0
1350.6
1334.9
1327.0
1329.9
1330.6
1339.2
1339.9
1391.2
1327.5
1313.9
1322.7
1363.0
1328.2
1325.6
1348.5
1348.0
1377.1
1327.0
1323.5
1347.1
1331.1
1318.0
1325.6
1338.0
1313.7
1348.7
1340.9
1337.5
1348.0
1322.7
1316.8
1380.4
1355.4
1321.6
1368.8
1319.2
1341.8
1364.9
1348.0
1359.7
1354.9
1342.5
1339.9
1342.1
1333.5
1330.4
1319.9
1344.2
1331.1
1331.8
1333.5
1320.6
1328.9
1326.1
1372.8
1353.0
1342.1
1334.0
1323.2
1328.5
1328.5
1346.3
1329.2
1345.4
1337.3
1359.7
1353.0
1339.2
1338.0
1328.0
1379.0
1326.6
1323.2
1338.7
1310.8
1331.6
1340.2
1325.8
1325.1
1316.5
1329.4
1354.2
1332.8
1369.7
1339.0
1341.6
1341.8
1337.3
1377.3
1328.7
1341.1
1335.1
1328.7
1328.9
1318.5
1349.4
1319.9
1333.7
1347.3
1331.1
1322.0
1352.5
1338.5
1326.8
1316.1
1323.9
1336.1
1331.3
1342.5
1352.3
1323.9
1337.3
1325.6
1333.0
1392.4
1336.6
1345.2
1371.9
1347.8
1364.9
1343.7
1359.9
1361.8
1330.9
1333.7
1335.9
1345.2
1327.3
1332.0
1329.7
1354.0
1340.2
1360.4
1356.6
1334.0
1330.6
1334.4
1326.6
1358.7
1345.2
1332.8
1333.0
1370.2
1332.0
1371.4
1426.2
1340.4
1331.8
1333.5
1321.6
1327.5
1355.6
1345.2
1340.9
1339.7
1336.6
1335.9
1334.9
1321.8
1334.9
1330.6
1354.2
1348.7
1352.5
1319.9
1342.1
1332.0
1343.5
1344.7
1346.1
1339.4
1359.5
1330.6
1395.9
1333.0
1350.4
1328.0
1337.3
1349.2
1325.4
1400.2
1326.1
1362.1
1356.4
1337.8
1364.2
1362.8
1343.0
1335.9
1335.4
1340.9