3924303.1
12875.1
1397.1
564218.0
7778.9
4817.0
3460.9
3073.0
1320.1
2852.2
1286.0
1282.0
2959.0
1281.0
1282.0
1284.8
3181.9
1283.9
1285.1
1271.0
1292.0
3410.1
1294.1
1295.1
1276.0
1275.1
1298.2
3548.9
1288.9
1309.2
1338.0
1274.1
1298.2
1278.9
3672.8
1293.9
1303.0
1292.0
1298.0
1277.0
1299.9
1281.0
3794.0
1278.2
1292.0
1282.0
1276.0
1259.1
1291.0
1308.9
1270.8
3806.8
1292.0
1305.1
1267.9
1283.9
1286.0
1302.0
1279.1
1270.1
1304.9
4137.0
1301.8
1291.0
1337.1
1304.9
1319.9
1273.9
1278.2
1277.9
1296.0
1264.8
4359.0
1294.1
1265.0
1254.1
1250.0
1292.0
1312.0
1241.9
1265.0
1325.1
1249.1
1259.1
4430.1
1298.0
1260.0
1261.9
1256.0
1259.8
1277.9
1270.1
1282.0
1250.0
1266.0
1251.0
1273.9
4164.0
1270.1
1248.1
1286.0
1272.0
1268.9
1277.0
1297.0
1255.0
1285.1
1267.0
1247.2
1314.9
1244.1
3875.0
1280.1
1277.0
1253.1
1296.0
1253.8
1266.0
1275.1
1248.8
1282.9
1272.0
1263.1
1251.0
1281.0
1303.9
4064.1
1267.0
1292.0
1281.0
1254.1
1266.0
1262.2
1252.9
1269.8
1257.9
1272.0
1272.9
1262.2
1261.9
1286.0
1276.0
1255.0
1279.8
1279.1
1244.1
1316.1
1285.1
4133.9
1296.0
1270.1
1337.1
1267.9
1249.8
1267.9
1288.2
1263.9
1274.8
1250.0
1246.9
1271.0
1268.1
1262.9
1262.9
1268.1
1284.8
4025.9
1327.0
1253.1
1253.1
1277.0
1261.0
1304.9
1313.2
1266.0
1252.2
1308.9
1290.1
1256.0
1261.0
1261.9
1263.1
1313.9
1239.8
1263.9
1262.2
1260.0
1241.9
1276.0
1261.9
1264.1
1259.1
4178.0
1275.1
1257.2
1256.0
1256.0
1317.0
1314.9
1257.2
1256.0
1287.0
1261.0
1313.0
1261.0
1265.0
1248.8
1283.9
1273.2
1251.0
1259.1
1250.0
1261.2
1322.0
1262.9
1266.0
4205.9
1282.9
1313.0
1273.2
1256.0
1273.2
1261.0
1267.0
1260.0
1249.8
1280.8
1282.0
1298.9
1280.8
1257.9
1262.2
1251.0
1261.0
1250.0
1283.2
1245.0
1232.9
1251.0
1237.9
1246.9
1238.1
1246.9
4004.0
1255.0
1246.0
1249.1
1250.0
1244.1
1234.1
1232.9
1255.0
1282.9
1261.0
1249.1
1242.2
1271.0
1253.8
1241.0
1240.0
1259.1
1246.0
1231.9
1262.9
1253.1
1258.9
1238.1
1261.0
3574.1
1269.1
1250.0
1249.1
3662.1
1277.0
1307.0
1284.8
1244.1
1264.1
1304.1
1242.9
1254.1
1251.0
1256.9
1246.0
1262.9
1232.9
1252.9
1245.0
1234.1
1306.1
1241.0
1236.2
1244.1
1269.8
1257.2
1240.0
1251.9
1243.8
1246.2
1255.0