150055.6
3822.8
3659.0
3470.7
3481.6
4321.8
3517.9
3464.2
3433.7
3442.8
3487.8
3489.0
3430.1
3422.3
3464.7
3427.0
3480.0
3413.7
3482.3
3423.9
3426.1
3446.1
3454.7
3394.4
3459.2
3423.5
3446.8
3432.8
3398.2
3411.1
3436.1
3449.2
3449.0
3506.9
3582.2
3501.4
3486.6
3508.1
3488.5
3506.2
3499.3
3534.1
3510.7
3487.8
3455.2
3495.2
3540.0
3557.9
3551.7
3532.6
3520.3
3539.8
3506.4
3492.1
3458.0
3423.5
3439.7
3540.3
3433.5
3433.7
3418.9
3412.2
3418.9
3452.3
3508.1
3426.1
3418.7
3436.3
3435.6
3422.5
3423.7
3429.9
3409.1
3459.5
3429.4
3464.9
3476.4
3447.1
3445.6
3705.5
3414.2
3422.5
3446.8
3499.3
3429.9
3426.1
3420.8
3415.8
3447.3
3397.5
3399.8
3411.1
3502.8
3419.4
3410.8
3418.2
3418.4
3432.5
3458.0
3421.3
3425.6
3454.0
3395.1
3400.1
3408.0
3413.0
3415.8
3443.2
3392.0
3405.6
3414.2
3418.4
3490.0
3433.7
3408.9
3422.0
3439.2
3498.6
3432.5
3393.9
3449.0
3418.7
3441.3
3409.1
3416.3
3403.7
3437.8
3449.4
3390.8
3364.3
3389.8
3402.2
3402.9
3397.0
3398.7
3395.6
3400.1
3409.1
3398.7
3393.9
3362.4
3362.9
3475.7
3388.9
3406.3
3385.1
3386.7
3412.0
3392.9
3379.6
3443.5
3424.2
3409.9
3366.5
3411.5
3401.3
3384.4
3383.9
3362.4
3360.3
3385.1
3412.5
3413.9
3337.1
3331.9
3391.5
3386.3
3359.1
3392.7
3404.6
3380.1
3346.0
3368.9
3393.2
3384.6
3361.2
3402.5
3413.2
3417.7
3359.3
3358.1
3377.9
3346.4
3353.4
3377.0
3396.5
3405.3
3387.2
3400.8
3403.9
3390.1
3364.8
3407.5
3373.4
3400.8
3397.7
3378.9
3366.9
3379.6
3391.3
3394.4
3397.0
3459.2
3426.8
3387.0
3438.5
3490.0
3419.9
3433.7
3463.0
3401.0
3393.2
3382.2
3383.4
3405.8
3372.9
3358.6
3354.1
3404.4
3373.1
3355.3
3372.2
3359.3
3365.5
3405.3
3391.0
3366.0
3431.3
3406.8
3411.3
3346.0
3393.2
3394.1
3450.9
3450.2
3469.5
3451.1
3471.6
3455.6
3469.5
3496.4
3471.4
3449.4
3454.2
3482.8
3447.5
3502.8
3536.5
3454.7
3449.9
3454.0
3473.3
3651.6
3487.3
3485.9
3489.5
3453.0
3471.4
3459.5
3474.2
3495.0
3474.7
3449.9
3489.3
3482.3
3436.3
3402.0
3401.3
3390.3
3438.2
3440.4
3449.2
3413.2
3478.1
3479.5
3499.7
3381.7
3397.5
3461.8
3394.8
3373.4
3428.0
3409.1
3481.1
3455.2
3417.3
3377.9
3392.2
3425.4
3372.7
3373.9
3397.9
3516.9
3402.2
3395.1
3368.4
4333.5
3485.9
3413.4
3426.3