622179.0
10184.0
1372.8
15270.9
5921.1
4101.0
2543.2
2095.0
1275.1
3997.1
1316.1
1308.0
3191.9
1289.1
1272.0
1349.0
3099.9
1301.1
1283.2
1277.9
1275.1
2951.9
1282.0
1285.1
1285.1
1284.8
1283.9
3061.1
1278.9
1291.0
1287.0
1276.0
1276.0
1274.1
3339.1
1297.0
1337.1
1297.0
1268.1
1283.9
1276.0
1293.9
3154.0
1275.1
1301.1
1282.9
1270.1
1280.1
1261.0
1282.2
1288.9
3208.9
1280.8
1287.0
1282.0
1301.1
1272.0
1299.9
1270.8
1286.0
1281.0
3413.0
1267.0
1272.2
1292.0
1304.9
1272.9
1277.0
1314.9
1286.0
1280.1
1280.1
3498.1
1303.2
1298.9
1286.0
1282.0
1304.9
1283.9
1277.0
1285.1
1282.0
1281.0
1290.1
3709.1
1292.9
1292.0
1287.0
1282.9
1298.0
1285.1
1284.1
1281.0
1341.1
1308.0
1307.0
1285.1
3950.1
1287.9
1282.0
1277.0
1287.0
1273.9
1281.0
1277.2
1306.1
1288.9
1288.9
1268.9
1279.1
1287.9
4159.0
1290.1
1272.9
1278.9
1322.0
1275.1
1286.0
1289.8
1282.9
1264.1
1298.9
1277.0
1291.0
1308.0
1287.0
3810.2
1288.2
1285.1
1307.0
1267.9
1294.9
1279.1
1346.1
1291.0
1300.1
1349.9
1275.1
1266.0
1274.8
1287.2
1312.0
1292.9
1281.0
1283.2
1277.9
1282.0
1302.0
4198.1
1296.0
1299.1
1286.0
1284.8
1299.9
1286.0
1299.9
1289.1
1312.0
1287.0
1323.0
1296.0
1299.1
1287.9
1268.1
1335.9
1295.8
3894.8
1268.9
1256.9
1245.0
1258.9
1247.2
1245.0
1242.9
1312.0
1297.0
1258.1
1238.1
1234.1
1275.1
1246.9
1251.9
1234.1
1251.9
1253.1
1281.0
1251.9
1246.9
1230.0
1243.1
1247.2
1255.0
3871.0
1247.9
1248.1
1258.1
1296.0
1229.0
1250.0
1254.1
1235.0
1241.2
1254.1
1254.1
1252.9
1256.2
1257.9
1241.0
1265.0
1236.9
1294.9
1247.2
1250.0
1238.1
1255.0
1236.0
3917.9
1241.9
1248.1
1265.0
1267.0
1256.0
1233.8
1243.8
1256.0
1254.1
1236.0
1237.9
1255.0
1247.2
1256.9
1256.9
1246.0
1232.1
1233.1
1288.9
1241.0
1237.9
1257.9
1245.0
1278.2
1250.0
1238.1
4195.9
1310.8
1282.2
1303.9
1249.1
1254.1
1248.1
1237.9
1261.9
1250.0
1246.0
1246.0
1242.9
1256.9
1254.1
1234.1
1236.9
1307.0
1292.0
1242.2
1262.9
1247.9
1252.2
1250.0
1248.8
1242.9
1266.0
1255.0
1301.1
4108.0
1252.2
1272.0
1251.0
1267.0
1255.0
1252.2
1298.0
1271.0
1251.0
1267.9
1268.1
1268.9
1239.1
1304.1
1241.9
1265.0
1263.1
1243.1
1277.0
1276.0
1237.2
1267.9
1317.0
1266.0
1248.8
1249.8
1251.9