4580524.0
1826.8
1669.6
1643.2
1597.2
1578.6
1570.5
1505.9
1500.6
1478.2
1511.3
1466.8
1510.1
1480.8
1477.2
1457.9
1468.7
1436.7
1457.7
1446.0
1434.8
1453.6
1469.1
1449.1
1456.5
1462.7
1436.0
1444.1
1444.3
1464.4
1495.8
1462.5
1445.3
1446.7
1441.7
1462.2
1440.5
1421.7
1422.9
1462.7
1429.8
1453.4
1451.5
1453.9
1495.4
1453.9
1448.9
1504.4
1503.2
1455.1
1522.5
1446.7
1481.8
1461.3
1443.4
1442.2
1459.8
1434.8
1514.9
1505.9
1437.2
1458.6
1420.3
1456.3
1534.5
1431.5
1492.3
1825.1
1617.7
1425.5
1416.4
1444.1
1478.2
1413.6
1413.1
1505.6
1524.2
1442.7
1429.1
1425.0
1408.6
1419.8
1405.7
1436.2
1441.0
1462.9
1748.1
1439.1
1404.8
1797.2
1841.1
1573.6
1569.0
1528.3
1533.7
1519.7
1567.6
1628.9
1587.2
1508.2
1569.3
1519.4
1522.8
1516.6
1514.7
1520.9
1547.3
1530.4
1518.0
1605.7
1616.5
1413.8
1410.5
1437.9
1430.3
1390.5
1406.7
1420.0
1408.3
1440.5
1424.6
1394.0
1416.9
1416.0
1471.0
1398.1
1452.9
1467.2
1401.4
1397.6
1392.6
1397.4
1409.3
1602.2
1428.1
1428.8
1509.7
1421.5
1414.8
1418.4
1419.1
1405.2
1399.8
1415.7
1455.3
1402.6
1397.6
1400.7
1449.3
1467.9
1409.3
1393.8
1426.5
1415.7
1417.6
1426.5
1409.3
1645.6
1431.2
1541.9
1407.4
1413.1
1397.6
1425.7
1454.6
1414.3
1412.4
1395.2
1395.5
1399.5
1406.4
1492.3
1433.4
1392.1
1443.9
1462.2
1431.7
1401.2
1411.2
1464.4
1444.1
1414.1
1465.8
1406.9
1431.0
1417.9
1413.1
1416.0
1417.9
1420.0
1412.4
1420.3
1397.6
1426.2
1505.4
1387.4
1421.5
1403.8
1397.8
1398.1
1419.8
1434.1
1400.5
1615.3
1412.2
1432.4
1461.5
1421.5
1407.9
1419.8
1426.2
1431.0
1455.3
1448.4
1405.7
1425.3
1417.2
1486.8
1404.0
1402.1
1415.0
1467.0
1406.7
1428.4
1461.5
1430.3
1521.8
1416.9
1429.3
1531.4
1404.5
1520.2
1460.3
1420.5
1650.3
1617.9
1456.7
1448.6
1479.1
1423.4
1576.4
1423.8
1439.8
1427.7
1413.1
1419.1
1403.1
1404.3
1395.7
1516.6
1413.3
1431.2
1462.9
1411.9
1468.2
1415.0
1434.6
1430.3
1413.8
1429.8
1402.1
1461.7
1402.1
1532.8
1464.1
1400.7
1412.2
1426.7
1456.3
1412.4
1409.5
1406.9
1634.8
1415.5
1422.9
1467.2
1411.0
1391.4
1428.4
1400.2
1395.5
1419.3
1421.9
1405.2
1415.0
1406.9
1447.7
1556.2
1471.3
1426.2
1420.3
1408.8
1405.7
1458.9
1389.5
1502.3
1412.6
1421.9
1530.6
1410.0