3963844.8
34086.7
1779.8
1624.8
1464.1
1413.3
1375.7
1388.8
1382.1
1366.1
1392.8
1397.6
1385.7
1381.4
1371.9
1436.9
1381.9
1406.7
1381.6
1410.0
1380.0
1382.8
1385.2
1389.3
1377.1
1381.2
1379.0
1378.3
1389.5
1395.0
1394.7
1378.1
1385.5
1372.6
1367.1
1378.5
1388.8
1383.1
1381.9
1387.6
1371.6
1396.7
1410.7
1436.7
1442.7
1384.7
1369.7
1371.1
1374.5
1370.2
1411.4
1423.6
1375.0
1396.2
1382.4
1391.4
1381.6
1380.0
1387.1
1388.1
1393.6
1380.7
1388.5
1380.7
1386.2
1387.6
1372.8
1365.9
1365.7
1373.3
1367.8
1392.4
1382.1
1373.8
1438.4
1398.6
1365.9
1406.9
1363.3
1368.5
1384.7
1351.1
1344.7
1388.1
1372.8
1379.7
1342.1
1342.1
1365.2
1467.7
1434.8
1376.4
1354.7
1366.9
1404.0
1341.3
1332.0
1340.9
1335.1
1351.4
1354.9
1349.2
1334.7
1351.1
1334.2
1375.4
1345.2
1353.3
1345.6
1349.2
1341.8
1327.0
1340.6
1394.3
1363.5
1390.9
1330.9
1325.6
1342.3
1374.0
1392.1
1352.8
1344.4
1323.5
1321.6
1326.1
1342.5
1330.1
1320.8
1328.0
1334.2
1336.6
1333.7
1331.8
1413.3
1352.8
1333.7
1328.2
1352.5
1342.5
1330.9
1346.6
1375.2
1339.2
1337.8
1352.1
1325.4
1332.0
1376.2
1325.4
1336.6
1312.3
1305.8
1333.2
1313.7
1331.1
1311.3
1316.1
1323.2
1318.9
1312.0
1303.2
1318.7
1320.8
1363.5
1333.2
1322.5
1360.9
1427.7
1315.6
1314.6
1310.3
1292.2
1298.0
1303.0
1316.1
1328.5
1323.5
1311.8
1319.2
1294.4
1343.0
1306.3
1302.0
1317.3
1302.0
1310.8
1300.8
1362.8
1315.1
1300.3
1302.2
1299.9
1319.6
1304.1
1363.8
1304.1
1306.3
1299.1
1358.3
1338.2
1300.6
1305.3
1303.9
1307.7
1289.4
1359.0
1326.1
1307.7
1310.8
1313.2
1316.8
1324.7
1308.9
1306.8
1315.1
1366.1
1366.1
1323.9
1309.2
1311.1
1309.9
1308.7
1312.5
1321.3
1291.3
1320.1
1344.2
1359.7
1312.7
1309.4
1332.5
1303.2
1309.4
1389.5
1381.4
1366.9
1351.8
1350.6
1372.6
1366.9
1393.6
1370.9
1350.6
1354.5
1354.0
1363.3
1359.2
1347.5
1414.3
1372.1
1355.4
1395.2
1378.3
1368.5
1372.8
1374.2
1384.5
1379.5
1380.4
1381.6
1368.0
1444.8
1415.3
1371.9
1389.3
1400.2
1434.3
1378.1
1367.1
1381.2
1388.1
1364.9
1494.4
1472.5
1452.2
1373.3
1362.8
1365.4
1413.8
1355.2
1347.5
1363.0
1361.6
1344.4
1347.8
1354.0
1343.0
1366.9
1379.3
1361.1
1358.7
1340.2
1358.3
1418.8
1361.8
1366.4
1362.1
1349.2
1373.8