1618183.9
1972.7
1556.4
1499.4
1503.9
1487.3
1528.7
1519.9
1507.5
1500.4
1497.5
1536.6
1687.0
1681.6
1565.9
1557.6
1598.1
1516.1
1534.0
1490.1
1497.7
1492.3
1510.9
1495.1
1514.2
1473.2
1500.1
1517.3
1526.8
1477.0
1490.6
1517.8
1492.3
1487.7
1496.6
1494.6
1503.9
1524.2
1479.6
1482.5
1500.4
1513.5
1507.5
1483.4
1494.6
1467.0
1487.0
1499.9
1524.4
1479.4
1497.0
1501.6
1555.9
1547.8
1488.4
1491.8
1584.8
1529.9
1516.8
1570.2
1500.1
1493.2
1471.0
1486.3
1497.5
1509.0
1488.0
1491.1
1490.4
1489.9
1493.9
1487.7
1487.0
1479.1
1472.2
1473.2
1478.7
1489.6
1487.7
1512.8
1544.2
1491.8
1488.0
1483.0
1513.2
1492.7
1486.3
1495.8
1504.4
1485.6
1500.6
1504.4
1552.3
1487.5
1522.1
1480.8
1492.5
1889.7
1654.6
1465.3
1460.8
1478.0
1450.3
1772.2
1747.1
1654.9
1561.9
1673.9
1529.9
1510.9
1499.4
1495.8
1544.0
1503.2
1505.6
1505.6
1499.9
1487.0
1490.1
1460.6
1483.4
1519.4
1484.4
1481.5
1479.4
1473.7
1481.3
1469.4
1494.2
1573.3
1494.6
1488.7
1497.3
1469.4
1498.5
1477.2
1482.5
1482.0
1467.5
1495.1
1506.6
1478.4
1494.9
1467.2
1478.9
1512.1
1498.0
1533.0
1480.8
1464.1
1510.6
1489.6
1482.2
1514.2
1509.0
1482.5
1529.7
1471.3
1570.2
1511.8
1472.2
1503.5
1502.5
1502.3
1485.3
1475.8
1535.2
1475.1
1469.6
1484.9
1480.3
1478.7
1468.7
1487.0
1528.5
1523.3
1499.4
1471.5
1516.3
1476.3
1464.1
1496.8
1522.5
1493.9
1476.8
1476.3
1472.5
1485.8
1463.9
1493.2
1461.0
1522.5
1523.0
1482.0
1471.0
1498.5
1483.2
1457.5
1494.4
1487.5
1474.4
1552.1
1504.7
1472.0
1516.1
1499.7
1515.9
1492.3
1506.8
1486.8
1507.0
1490.4
1488.4
1486.8
1479.4
1474.1
1469.4
1479.9
1511.1
1473.7
1463.4
1491.3
1470.6
1477.2
1472.2
1462.7
1475.6
1483.9
1494.6
1468.4
1472.9
1479.1
1467.7
1480.1
1482.2
1506.8
1522.5
1457.2
1467.9
1469.9
1549.0
1485.8
1475.1
1517.1
1477.5
1511.3
1532.8
1472.2
1470.1
1461.5
1489.4
1541.4
1480.1
1730.9
1677.3
1520.2
1472.5
1472.7
1565.7
1505.9
1505.9
1501.6
1492.5
1471.8
1469.6
1483.0
1468.9
1477.5
1459.6
1485.8
1479.6
1474.9
1463.7
1497.5
1470.8
1519.7
1497.3
1479.6
1482.0
1547.1
1461.0
1475.8
1460.3
1525.4
1483.7
1464.8
1472.2
1530.2
1461.3
1482.5
1498.7
1526.8
1488.7
1480.6
1480.1
1545.7
1467.5
1488.4
1508.5
1464.6