2390610.9
3175.7
2716.1
2529.9
2466.0
2425.0
2408.0
2441.2
2472.6
2420.9
2456.2
2423.3
2408.7
2418.3
2393.7
2412.6
2428.8
2392.1
2416.1
2395.9
2401.1
2431.4
2539.2
2444.0
2468.1
2409.7
2476.2
2416.1
2408.0
2390.9
2484.8
2409.2
2440.0
2430.9
2421.1
2488.6
2572.5
2456.7
2435.7
2648.1
2529.1
2509.6
2455.0
2413.7
2445.9
2399.4
2396.3
2376.6
2456.9
2393.2
2412.6
2530.3
2412.6
2386.8
2430.2
2395.6
2528.2
2415.4
2408.7
2467.2
2378.5
2368.2
2485.8
2430.4
2385.9
2515.3
2418.8
2406.4
2465.0
2394.0
2436.4
2419.2
2378.5
2378.5
2397.5
2389.0
2533.7
2394.9
2385.1
2441.6
2376.3
2478.6
2413.7
2397.5
2400.9
2381.1
2395.2
2393.7
2460.0
2432.1
2478.8
2459.3
2405.4
2435.4
2406.6
2366.1
2451.7
2384.2
2538.4
2404.9
2408.3
2394.7
2465.0
2575.4
2497.2
2419.2
2456.7
2441.6
2478.6
2444.3
2439.3
2448.6
2582.3
2417.1
2380.8
2395.9
2379.4
2441.2
2440.5
2396.6
2376.8
2381.1
2434.0
2385.6
2377.0
2383.7
2385.6
2369.9
2365.1
2391.8
2380.1
2448.6
2401.4
2376.8
2376.6
2543.2
2383.7
2402.3
2410.2
2461.0
2422.3
2392.3
2377.5
2455.9
2549.6
2408.3
2379.7
2385.9
2382.0
2390.1
2435.7
2376.3
2387.8
2383.7
2405.2
2415.2
2509.4
2424.7
2504.3
2413.5
2510.8
2403.5
2411.1
2387.8
2402.5
2388.2
2388.7
2399.4
2397.5
2386.3
2439.3
2510.5
2405.9
2395.4
2412.3
2409.2
2461.4
2391.3
2378.9
2471.0
2382.5
2460.5
2464.1
2642.6
2509.1
2569.7
2580.9
2749.9
2623.6
2623.6
2582.1
2489.6
2479.3
2442.6
2450.7
2437.6
2428.5
2390.4
2498.1
2418.0
2419.2
2459.3
2562.3
2438.1
2389.2
2401.8
2376.1
2407.1
2428.3
2412.6
2437.6
2391.3
2507.0
2415.7
2435.4
2401.1
2399.7
2424.7
2557.0
2386.6
2461.9
2426.1
2444.3
2418.5
2454.0
2441.4
2478.1
2434.0
2442.8
2410.2
2389.0
2373.5
2398.0
2381.6
2424.7
2539.6
2404.7
2409.5
2385.1
2550.8
2514.4
2450.0
2445.5
2439.0
2436.4
2412.1
2412.3
2450.0
2544.4
2462.9
2470.3
2510.5
2510.5
2391.3
2349.4
2338.4
2359.9
2333.4
2343.2
4032.9
2811.7
2394.9
2330.1
2340.6
2295.0
2336.3
3141.2
2701.5
2535.1
2493.9
2468.8
2428.3
2482.9
2431.4
2498.4
2568.2
2452.9
2491.0
2434.5
2488.4
2455.9
2509.8
2476.5
2448.6
2433.1
2494.6
2579.2
2420.9
2388.0
2386.6
2407.8
2414.2
2394.0
2455.9
2397.5
2411.8
2376.3
2366.3
2435.9
2393.7