151135.9
6352.4
6096.4
5980.7
5972.6
6002.7
5936.6
5935.2
5934.0
6007.2
6007.0
5956.6
5933.3
6063.7
5968.1
5959.3
6006.2
5949.5
5876.1
5916.8
5955.9
5960.2
5915.6
6028.2
6028.7
6017.4
5989.3
5993.1
5942.3
5976.4
5955.5
5931.9
5966.2
5979.3
5923.7
5970.0
6019.8
5980.0
5961.9
5991.2
6023.9
6002.7
5889.7
5918.7
6065.4
5876.5
5863.2
5877.3
5835.8
5841.7
5866.5
5867.7
6060.4
5972.1
6058.5
6043.2
5967.4
5900.4
5914.9
5938.3
5962.1
5967.6
5975.0
6016.0
5967.6
5990.0
5938.1
6039.9
5908.3
6056.5
5941.2
5970.0
6045.6
5884.2
5943.8
5960.5
5938.3
5989.6
5941.2
5997.7
5917.5
5936.1
6012.9
6008.9
5967.9
5971.2
5979.5
5974.5
6008.9
5994.1
5941.2
5980.7
5875.1
6016.0
6031.5
6016.7
6029.6
6040.3
6010.3
5958.1
5908.5
5895.6
5973.1
5995.3
5898.2
5981.7
5914.2
5919.7
5933.8
5915.2
5950.7
5940.0
5872.0
5956.4
6027.0
6025.8
5847.5
5974.8
6014.6
5957.6
6004.1
5953.1
6016.5
5875.1
5884.9
6062.3
6021.5
5976.7
6000.3
6032.0
6002.9
5965.9
5954.3
6010.8
5958.1
5873.0
6113.3
6256.3
6006.5
5999.6
5965.0
6570.8
6042.2
5885.4
6008.6
6115.7
6459.5
6371.7
6461.4
6118.8
6011.2
5964.5
5970.5
6008.6
5926.6
5914.2
5885.4
5941.4
5978.3
5975.5
5959.7
6029.6
5957.4
5983.1
5954.3
6039.6
6069.9
5939.5
5954.0
6052.0
5973.3
6017.7
5992.7
6000.5
5885.1
5919.5
5978.1
5325.3
5520.8
5359.4
5181.8
5183.7
5235.9
5130.8
5110.7
5161.5
5166.1
5116.0
5105.5
5156.3
5209.2
5162.2
5181.8
5112.2
5180.4
5083.3
5079.0
5103.8
5082.6
5161.5
5099.5
5031.6
5082.4
5175.4
5166.3
5077.8
5126.7
5128.4
5147.7
5065.4
5071.2
5074.7
5060.2
5084.8
5093.3
5167.2
5168.9
5136.0
5124.6
5197.0
5131.7
5132.2
5131.2
5204.7
5163.9
5192.0
5123.9
5106.4
5199.0
5148.4
5132.7
5123.9
5146.0
5097.4
5102.6
5106.2
5224.7
5085.9
5083.3
5041.8
5157.7
5095.0
5123.9
5085.7
5129.3
5114.8
5163.7
5092.6
5109.8
5160.8
5087.9
5066.6
5060.0
5189.4
5146.5
5110.0
5097.9
5089.8
5143.6
5030.2
5049.5
5028.0
5194.4
5128.1
5126.2
5130.8
5192.8
5136.5
5070.2
5009.7
4981.8
4981.8
5002.3
5066.4
5073.5
5139.8
5137.4
5108.4
5179.2
5140.3
5089.8
5101.9
5204.4
5101.0
5120.3
5124.8
5238.5
5109.1
5098.1
5041.6
5102.9
5135.8
5066.2
5023.2
5110.3
5095.7
5068.8
5029.0
5054.7
5048.3