2278707.0
38236.1
2674.3
2392.3
2453.3
2374.9
2348.4
2285.5
2292.2
2254.7
2235.2
2473.1
2452.9
2318.6
2299.1
2611.6
2505.8
2282.6
2333.2
2252.6
2266.9
2286.4
2303.6
2248.3
2376.3
2472.9
2500.8
2304.1
2346.5
2291.2
2241.1
2248.5
2255.9
2246.6
2216.3
2306.5
2432.8
2235.7
2224.9
2241.4
2270.7
2263.3
2265.9
2246.1
2226.1
2323.4
2363.2
2302.2
2331.0
2274.8
2306.7
2394.9
2299.1
2283.6
2300.7
2399.7
2515.1
2440.0
2349.9
2291.9
2333.2
2275.9
2239.2
2235.2
2222.8
2310.8
2314.3
2252.1
2229.5
2235.7
2268.6
2313.6
2236.4
2221.3
2322.0
2363.0
2343.9
2258.3
2279.5
2249.7
2254.0
2288.3
2259.0
2238.8
2275.2
2397.5
2326.0
2298.6
2276.2
2268.1
2248.0
2246.9
2238.3
2250.4
2292.6
2344.6
2318.4
2298.4
2265.2
2263.8
2283.1
2267.6
2250.2
2223.0
2260.0
2347.2
2306.5
2265.0
2294.5
2270.9
2221.6
2240.9
2188.4
2140.3
2183.0
2280.2
2246.6
2225.9
2180.6
2168.9
2258.5
2203.2
2224.2
2162.5
2175.8
2281.9
2244.7
2166.7
2174.9
2187.3
2148.2
2156.5
2123.1
2132.9
2131.7
2131.9
2153.4
2147.2
2147.7
2188.9
2257.1
2320.1
2320.5
2235.7
2210.9
2201.8
2195.6
2181.3
2169.6
2147.0
2205.8
2281.7
2275.7
2188.7
2189.9
2219.7
2205.8
2207.0
2245.7
2186.1
2179.4
2241.1
2252.1
2202.3
2185.3
2196.1
2184.6
2197.5
2215.4
2203.7
2155.1
2153.2
2286.9
2255.0
2251.1
2293.1
2297.2
2255.7
2193.0
2193.0
2188.7
2160.5
2205.8
2305.5
2264.7
2216.3
2230.2
2192.7
2235.7
2247.8
2193.0
2201.8
2169.6
2215.6
2247.3
2273.3
2188.9
2181.1
2182.7
2188.0
2200.4
2209.4
2185.6
2173.4
2288.8
2326.5
2279.0
2269.0
2227.8
2245.9
2232.8
2272.1
2247.1
2176.5
2177.2
2270.2
2249.0
2217.5
2236.4
2183.7
2195.6
2164.6
2182.0
2202.0
2148.6
2167.5
2208.2
2223.0
2172.2
2255.4
2239.5
2258.1
2224.0
2202.3
2225.2
2244.9
2287.4
2266.9
2259.3
2228.3
2183.0
2191.8
2147.4
2232.6
2218.2
2182.7
2179.4
2216.3
2273.3
2192.5
2218.7
2178.0
2184.4
2173.2
2170.3
2202.0
2181.1
2428.5
2335.8
2284.8
2190.4
2190.4
2214.7
2178.7
2231.1
2201.3
2210.9
2203.7
2248.3
2371.1
2273.8
2265.0
2208.7
2165.1
2136.0
2200.4
2158.6
2152.0
2164.8
2179.4
2201.6
2191.8
2171.3
2306.7
2285.5
2269.5
2332.2
2269.0
2219.4
2232.8
2255.7
2204.9
2177.0
2187.3
2252.3
2297.2
2206.3
2199.4
2190.4
2208.2