8593.1
2227.0
2193.0
1999.5
2022.9
1987.4
2010.4
2012.3
2016.9
2011.7
2000.7
2001.7
1988.1
1999.3
1967.8
1995.2
1994.9
2000.1
2001.1
1997.0
1978.4
1997.1
2008.8
1988.6
2011.8
2006.2
2004.5
1999.8
1999.3
2000.4
2019.8
2003.4
2009.7
1998.3
2004.1
2003.8
1976.0
1977.1
1998.2
2007.4
2014.2
2018.0
2002.7
2005.8
2012.7
2008.9
2002.2
1998.9
2075.3
2252.4
2035.7
2049.9
2070.0
2187.2
1997.3
2000.2
1968.1
1985.4
1985.2
1990.1
2006.0
1993.0
2019.8
1993.2
1979.0
1986.2
1980.8
1979.5
1991.9
1974.0
1930.4
1970.6
1936.6
1913.4
1902.2
1897.1
1908.2
1905.6
1937.5
1928.0
1934.7
1975.5
1903.0
1921.3
1920.5
1912.0
1890.0
1902.7
1883.9
1893.0
1898.4
1918.7
1918.8
1925.0
1936.7
1932.7
1926.0
1944.1
1933.6
1938.5
1932.5
1923.7
1920.7
1937.3
1965.7
1970.2
1957.2
1973.9
1944.1
1936.3
1942.9
1937.1
1931.8
1968.1
1961.4
1980.5
1985.4
1956.0
1958.0
1959.2
1956.1
1963.5
1955.2
1986.4
2319.3
2009.3
2016.9
2031.9
2024.0
2017.4
2026.6
2019.1
2023.3
2009.6
2020.9
2011.0
2031.9
2003.3
2006.0
2007.1
2007.9
2011.2
2014.9
2004.7
2017.8
2005.2
2002.3
1985.5
1982.7
1975.5
1934.2
1939.5
1990.1
1988.0
1971.4
1958.3
1948.6
1946.9
1963.6
1949.5
1933.1
2258.4
2104.8
2024.6
1998.1
1992.7
1992.6
1969.9
1965.8
1954.7
1956.5
1944.9
1948.7
1949.5
1951.0
1952.1
1978.4
1999.3
1993.8
1996.4
1994.0
1972.5
1962.0
1929.7
1958.9
1958.7
1957.9
1954.2
1979.1
1955.7
1954.4
1977.5
1984.6
1950.8
1947.1
1942.6
1940.8
1934.6
1934.9
1899.0
1929.1
1917.4
1940.8
1946.4
1969.0
1952.7
1944.5
1934.6
1935.3
1933.1
1946.4
1933.1
1928.8
1925.8
1937.3
1929.9
1940.5
1941.3
1935.9
1928.0
1937.0
1936.2
1943.2
1946.4
1939.1
1943.9
1935.7
1946.9
1947.7
1947.8
1955.1
1949.8
1949.4
1954.2
1947.4
1948.9
1949.3
1948.9
1970.5
1964.8
1957.5
1959.9
1971.4
1981.7
1992.9
1968.4
1977.6
1973.9
1962.3
1961.3
1965.5
1948.9
1955.3
1952.6
1956.9
1949.0
1950.4
1945.6
1947.0
1951.1
1962.0
1951.2
1960.9
1954.8
1943.7
1952.2
1946.0
1958.2
1961.3
1954.4
1966.1
1953.3
1960.7
1973.0
1967.9
1960.7
1981.0
1973.9
1958.9
1954.2
1958.8
1958.5
1939.5
1933.4
1931.4
1940.2
1945.0
1940.5
1931.1
1941.8
1936.1
1937.1
1941.8
1930.8
1949.2
1956.8
1943.1
1946.2
1951.4
1939.0