6113284.1
2733.5
2364.4
2348.9
2337.9
2343.9
2329.6
2324.6
2334.8
2410.9
2318.9
2356.3
2356.3
2342.7
2330.8
2338.6
2324.3
2342.0
2334.8
2347.7
2340.1
2384.2
2329.6
2378.0
2320.3
2331.7
2350.1
2327.4
2339.6
2390.6
2339.6
2328.9
2339.1
2325.5
2349.9
2327.2
2346.5
2333.2
2323.6
2332.2
2345.8
2332.2
2343.7
2335.3
2334.1
2332.9
2319.3
2322.4
2319.8
2325.1
2363.9
2324.8
2343.9
2344.4
2327.0
2365.1
2407.8
2329.8
2321.7
2337.0
2323.6
2348.7
2339.8
2332.0
2337.0
2332.7
2342.9
2346.3
2327.7
2321.0
2339.1
2332.0
2334.4
2342.7
2334.6
2344.4
2368.9
2336.5
2371.3
2338.6
2344.6
2324.8
2307.2
2352.5
2304.3
2302.6
2271.2
2306.0
2297.6
2271.4
2255.7
2262.1
2260.0
2255.0
2277.6
2240.2
2251.9
2314.1
2250.9
2246.1
2260.0
2245.9
2255.0
2260.0
2267.6
2262.4
2318.1
2258.8
2271.9
2248.5
2266.6
2283.3
2256.4
2259.5
2253.8
2254.0
2271.4
2252.8
2252.1
2258.3
2247.1
2242.8
2268.3
2246.1
2272.8
2237.3
2265.7
2246.9
2264.5
2245.4
2251.4
2280.5
2250.2
2230.9
2267.1
2263.1
2276.2
2266.2
2262.8
2252.1
2252.1
2252.6
2262.1
2240.9
2241.6
2276.7
2248.3
2247.1
2242.6
2266.6
2272.8
2282.4
2243.3
2247.8
2243.8
2271.7
2258.1
2251.1
2258.5
2252.8
2247.3
2253.5
2265.9
2244.5
2240.2
2270.9
2257.8
2260.4
2254.5
2253.1
2247.8
2285.5
2254.2
2236.8
2244.2
2295.0
2270.9
2273.1
2265.9
2263.8
2289.3
2248.3
2358.7
2342.2
2284.3
2303.4
2270.7
2282.6
2282.1
2267.1
2260.4
2284.5
2234.0
2260.0
2266.9
2252.8
2258.5
2257.3
2290.2
2260.7
2275.7
2294.8
2274.5
2308.6
2256.2
2268.1
2273.1
2301.7
2317.7
2286.2
2281.0
2261.9
2274.3
2270.2
2284.0
2317.9
2278.3
2265.9
2246.6
2256.9
2275.7
2259.3
2256.2
2264.7
2264.3
2263.1
2267.1
2262.1
2263.1
2300.0
2272.1
2258.5
2246.9
2251.4
2267.1
2261.4
2305.5
2254.7
2270.2
2241.4
2251.9
2255.4
2283.3
2291.7
2298.6
2289.8
2280.2
2297.9
2289.3
2273.8
2262.8
2250.9
2329.3
2262.6
2256.2
2255.0
2334.8
2250.7
2278.8
2270.9
2276.4
2265.0
2261.6
2283.3
2252.6
2250.9
2254.5
2267.4
2279.3
2312.2
2277.1
2281.0
2267.8
2304.6
2275.5
2261.9
2260.9
2265.7
2250.7
2254.0
2319.1
2279.3
2270.2
2276.7
2268.6
2257.8
2265.9
2261.4
2308.8
2255.9
2276.2
2259.5
2296.0
2273.8
2275.9
2263.5
2248.3
2270.2
2259.7
2279.3