2510736.0
41870.8
2832.4
2558.5
4844.0
2510.8
2409.7
2274.3
2217.8
2236.1
2200.6
2212.0
2208.5
2196.1
2231.8
4270.6
2512.2
2307.2
2286.4
2270.9
2210.4
4383.8
2460.2
2436.6
2307.7
2275.7
2245.4
3267.0
2432.6
2311.2
2338.6
2332.2
2292.6
2440.2
2314.8
2316.7
2323.4
2247.6
2279.5
2248.0
2296.4
2315.8
2251.9
2326.0
2250.2
2302.6
2273.1
2256.2
2248.5
2208.7
2164.8
2240.4
2202.7
2213.2
2319.8
2245.7
2242.1
2226.8
2160.1
2228.5
2188.2
2211.8
2266.9
2243.3
2313.9
2273.6
2262.8
2363.7
2256.9
2227.1
2228.7
2200.6
2206.1
2195.8
2218.2
2192.3
2172.5
2175.3
2192.7
2180.8
2202.5
2253.5
2158.9
2175.1
2158.4
2192.7
2186.1
2240.4
2183.7
2244.7
2224.4
2292.6
2241.8
2228.7
2299.8
2269.3
2227.8
2287.1
2241.8
2281.2
2241.1
2197.3
2229.0
2225.4
2260.2
2290.0
2223.5
2200.8
2314.3
2195.8
2281.4
2235.7
2278.6
2375.1
2236.6
2273.6
2260.7
2278.1
2337.2
2271.9
2295.7
2317.4
2226.6
2288.8
2255.7
2190.6
2253.8
2211.8
2204.7
2192.3
2173.7
2198.0
2214.4
2142.2
2183.4
2178.0
2181.3
2162.2
2216.8
2183.7
2207.0
2186.1
2148.4
2186.3
2200.6
2175.6
2187.5
2184.4
2188.2
2210.9
2173.9
2187.7
2198.7
2187.5
2272.1
2188.7
2134.3
4783.9
2383.9
2359.4
2345.3
2298.1
2392.5
5444.3
2352.5
2375.8
2324.8
4677.5
2401.4
2361.1
2369.2
2284.3
2326.5
5428.6
2395.2
2327.7
2352.7
2282.9
4421.2
2423.3
2421.1
2315.0
2302.2
3515.2
2309.8
2284.0
2252.1
2258.5
3875.0
2382.5
2317.7
2287.6
4995.1
2397.5
2370.6
2277.4
2350.8
2289.3
5354.2
2374.9
2389.7
2350.6
3806.1
2365.8
2334.6
2347.7
2267.8
2436.4
2434.0
2427.8
2466.0
2363.0
2361.5
2397.5
2335.1
2394.0
2380.6
2361.3
2349.4
2360.8
2463.8
2437.4
2429.0
2425.0
2450.9
2517.9
2454.3
2596.4
2476.2
2507.2
2459.0
2436.4
2511.3
2426.9
2493.6
2446.2
2440.9
2469.1
2402.8
2459.3
2427.1
2423.5
2455.0
2391.1
2452.1
2379.2
2434.5
2486.2
2426.1
2518.7
2415.2
2460.7
2417.6
2423.0
2467.6
2386.6
2500.1
2444.0
2455.0
2427.3
2350.1
2407.6
2534.9
2458.3
2438.8
2474.5
2440.9
2434.5
2465.0
2442.6
2431.2
2394.9
2373.0
2374.9
2345.8
2364.6
2366.1
2383.9
2394.0
2343.7
2345.3
2354.4
2338.9
2336.3
2332.4
2372.5
2375.8
2360.1
2366.3
2329.1
2409.5
2379.7
2403.0
2409.0
2369.6
2387.3
2347.9
2379.4
2372.5
2306.0