2066115.4
2979.3
2536.8
2439.7
2414.5
2470.7
2409.5
2434.0
2384.4
2400.6
2406.4
2422.1
2437.4
2417.8
2427.6
2406.4
2422.8
2395.2
2379.2
2393.0
2390.6
2443.6
2397.8
2374.6
2428.1
2402.5
2458.6
2387.5
2429.2
2457.4
2519.6
2458.1
2446.4
2430.2
2442.1
2416.4
2450.7
2455.0
2422.6
2402.8
2389.9
2408.0
2404.2
2426.1
2399.4
2423.8
2400.6
2406.8
2399.0
2397.5
2439.0
2429.0
2406.6
2454.5
2430.9
2384.2
2409.7
2410.4
2380.1
2459.3
2411.4
2411.1
2396.3
2449.5
2393.0
2436.2
2392.3
2380.6
2453.1
2409.7
2405.4
2470.5
2417.3
2413.0
2393.2
2399.7
2404.2
2447.6
2447.8
2435.2
2466.4
2457.1
2456.4
2502.7
2487.7
2430.2
2432.3
2424.5
2416.8
2418.8
2403.3
2426.4
2408.5
2419.0
2404.9
2381.3
2333.4
2367.7
2367.0
2335.5
2360.1
2319.6
2326.0
2326.5
2388.2
2355.1
2363.2
2382.8
2386.8
2362.3
2344.1
2350.1
2399.2
2354.6
2356.5
2362.5
2352.2
2335.1
2437.4
2411.4
2381.3
2413.3
2395.9
2372.0
2356.1
2356.1
2349.4
2365.4
2366.3
2348.7
2347.0
2394.7
2369.9
2338.2
2396.6
2346.8
2386.8
2340.6
2340.8
2363.0
2348.7
2333.6
2357.7
2346.5
2350.1
2372.7
2360.8
2335.3
2421.6
2342.0
2370.6
2404.5
2335.3
2360.1
2343.9
2353.0
2338.6
2395.4
2370.6
2323.6
2378.2
2405.9
2370.6
2331.7
2362.5
2363.2
2328.2
2336.7
2355.8
2363.9
2340.3
2389.4
2417.1
2337.0
2412.8
2350.3
2402.5
2437.6
2356.5
2337.5
2412.6
2346.8
2366.1
2394.9
2357.5
2348.2
2331.0
2329.3
2332.7
2357.0
2338.6
2338.9
2338.6
2354.4
2341.5
2358.0
2347.2
2348.7
2326.0
2332.4
2355.6
2363.4
2374.4
2357.2
2332.9
2381.8
2405.6
2330.8
2348.9
2345.3
2352.5
2332.4
2355.6
2366.5
2364.6
2332.2
2362.7
2347.0
2359.2
2477.6
2371.5
2360.1
2404.0
2341.7
2357.5
2329.3
2377.0
2336.3
2329.8
2343.4
2337.5
2356.1
2359.4
2345.8
2352.2
2462.6
2405.2
2367.5
2380.1
2335.8
2358.2
2367.7
2361.8
2362.0
2352.7
2350.3
2365.1
2342.7
2349.9
2381.6
2342.2
2347.7
2342.5
2353.7
2339.1
2336.7
2351.8
2353.7
2342.2
2359.2
2345.6
2373.2
2354.1
2371.1
2354.1
2355.8
2599.7
2382.5
2337.2
2341.0
2341.3
2341.5
2325.8
2373.9
2361.1
2339.1
2333.6
2362.0
2357.0
2338.6
2333.9
2378.9
2353.9
2373.7
2353.9
2433.8
2399.2
2402.5
2388.7
2449.5
2430.9
2461.4
2413.5
2404.5
2448.3
2407.1
2368.7
2382.3
2407.6
2414.9