6569262.0
2840.8
2665.0
2568.2
2520.8
2465.0
2433.8
2410.7
2397.1
2389.2
2391.1
2414.5
2366.1
2385.1
2357.2
2367.3
2384.7
2375.4
2350.6
2373.2
2374.6
2421.4
2336.7
2348.9
2353.4
2354.6
2382.5
2378.0
2395.9
2380.8
2358.9
2349.1
2378.5
2359.4
2363.2
2373.0
2361.3
2372.3
2389.4
2377.0
2368.0
2356.8
2356.5
2358.2
2368.9
2348.4
2353.7
2320.8
2292.9
2264.7
2291.0
2265.7
2258.5
2256.9
2315.5
2288.6
2326.7
2265.5
2265.0
2293.8
2267.4
2287.1
2291.9
2283.1
2291.7
2286.4
2340.3
2328.9
2268.1
2271.4
2262.4
2293.6
2267.4
2292.4
2286.2
2288.3
2322.4
2290.2
2293.1
2283.8
2294.5
2305.0
2311.0
2285.7
2283.1
2273.6
2324.6
2347.2
2283.1
2338.2
2277.4
2278.6
2275.0
2309.3
2285.7
2276.4
2303.4
2265.2
2311.9
2322.7
2348.2
2296.0
2294.3
2292.9
2308.8
2291.7
2308.4
2290.7
2305.3
2286.9
2280.0
2258.8
2272.4
2277.1
2290.2
2266.9
2278.6
2270.2
2275.2
2276.4
2289.3
2270.5
2261.2
2285.7
2269.7
2266.2
2265.5
2277.6
2263.5
2271.2
2322.9
2286.0
2283.3
2284.8
2307.2
2282.6
2264.3
2274.3
2287.9
2293.3
2267.1
2280.5
2306.0
2280.2
2256.4
2298.6
2292.9
2277.9
2305.3
2287.1
2265.0
2268.6
2305.0
2296.9
2282.4
2279.8
2278.6
2267.6
2267.6
2289.3
2279.3
2271.4
2270.9
2277.4
2273.8
2259.5
2295.7
2277.9
2266.4
2263.5
2274.0
2273.8
2329.3
2308.8
2287.6
2279.0
2281.4
2271.7
2263.3
2299.1
2286.4
2259.5
2265.7
2291.4
2312.4
2289.5
2296.4
2280.0
2278.6
2296.7
2291.2
2287.6
2294.8
2269.3
2327.0
2282.9
2279.8
2277.1
2272.6
2303.1
2270.5
2300.3
2340.1
2311.9
2336.7
2301.9
2266.9
2263.8
2264.0
2266.2
2286.7
2286.2
2252.6
2265.5
2288.3
2309.3
2276.7
2281.2
2296.2
2295.0
2296.7
2355.8
2271.4
2270.9
2340.6
2274.8
2288.6
2284.3
2293.8
2268.8
2275.7
2293.1
2300.3
2290.5
2268.6
2281.4
2276.7
2315.3
2277.1
2288.1
2287.9
2315.0
2274.8
2272.1
2274.0
2272.4
2257.3
2269.5
2285.7
2288.3
2296.7
2305.3
2339.4
2312.9
2320.1
2348.7
2343.9
2282.4
2294.1
2259.3
2275.9
2302.2
2467.6
2301.5
2270.2
2283.1
2255.2
2308.8
2286.2
2261.6
2286.0
2260.2
2315.0
2264.7
2327.2
2325.8
2264.5
2319.3
2299.3
2268.6
2273.8
2289.8
2256.6
2276.9
2250.7
2275.2
2281.0
2276.9
2263.1
2283.1
2324.3
2284.0
2255.9
2264.0
2292.9
2264.5
2281.4
2261.2
2259.5
2255.2