131386.0
5702.0
5482.2
5375.9
5410.9
5336.5
5337.0
5357.0
5311.3
5288.4
5324.6
5283.8
5297.7
5379.9
5294.3
5288.6
5391.6
5310.5
5330.1
5327.7
5296.2
5320.1
5308.4
5291.7
5285.7
5332.5
5297.4
5310.1
5287.4
5323.4
5307.7
5325.8
5315.8
5308.2
5324.1
5299.3
5313.6
5329.1
5372.8
5334.4
5309.3
5290.0
5347.3
5311.0
5325.1
5276.9
5280.7
5268.3
5346.1
5304.1
5332.9
5296.2
5289.8
5275.0
5277.6
5284.3
5342.0
5310.1
5298.4
5328.7
5284.1
5290.0
5270.5
5287.9
5279.8
5307.9
5288.8
5318.6
5309.6
5331.5
5256.7
5307.4
5294.8
5272.4
5318.9
5339.9
5316.3
5301.2
5335.8
5310.5
5284.8
5303.9
5278.8
5322.2
5289.1
5286.0
5299.6
5297.2
5351.5
5294.3
5296.2
5306.2
5322.5
5290.3
5338.2
5296.5
5351.8
5330.1
5304.3
5279.5
5352.7
5363.2
5297.7
5652.4
5313.9
5331.3
5318.9
5281.2
5370.1
5314.1
5353.9
5330.6
5327.9
5260.0
5339.1
5304.6
5257.1
5315.3
5276.7
5311.7
5341.3
5294.3
5309.1
5329.8
5431.7
5344.2
5333.9
5332.9
5297.7
5359.9
5343.9
5336.8
5317.4
5309.6
5304.8
5275.0
5345.6
5374.0
5323.9
5287.6
5279.3
5311.0
5344.4
5419.7
5336.5
5330.8
5303.4
5334.1
5356.6
5319.8
5339.6
5300.3
5323.6
5309.1
5608.6
5342.2
5351.5
5352.7
5360.8
5293.4
5376.8
5313.4
5330.6
5298.4
5330.6
5312.7
5292.2
5316.5
5321.3
5346.5
5301.0
5328.2
5377.8
5295.5
5280.5
5388.3
5313.4
5288.8
5366.1
5270.7
5309.1
5327.7
5352.7
5310.8
5372.0
5267.9
5272.2
5303.1
5228.8
5198.0
5228.5
5206.1
5183.0
5182.0
5158.7
5171.5
5161.8
5130.1
5094.5
5155.1
5091.9
5049.9
5066.6
5045.9
5015.4
5003.0
5124.3
5055.7
4983.9
5048.0
4964.8
4941.7
4913.8
4929.1
4923.8
4872.8
4914.3
4864.5
4853.5
4865.6
4873.8
4795.1
4832.5
4813.2
4778.9
4768.4
4816.3
4853.5
4778.9
4830.6
4827.3
4791.7
4797.0
4796.3
4844.4
4823.9
4787.7
4815.8
4747.4
4798.7
4746.2
4793.2
4807.7
5282.4
4821.8
4813.4
4818.4
4809.9
4800.6
4756.9
4777.7
4819.6
4804.8
4759.1
4760.7
4782.2
4735.0
4810.3
4778.4
4777.7
4820.6
4868.0
4808.4
4808.4
4776.2
4760.5
4770.5
4756.7
4797.0
4793.2
4767.9
4779.3
4810.3
4771.9
4826.8
4798.4
4821.1
4769.1
4769.1
4775.0
4758.6
4877.8
4797.0
4782.9
4822.5
4777.2
4770.0
4793.6
4790.3
4822.0
4798.2
4768.1
4815.6
4769.3
4765.0
4821.1
4819.2
4832.5
4830.1
4809.9