5984444.1
2571.8
2397.5
2383.0
2364.2
2348.7
2368.5
2351.0
2342.0
2330.8
2328.9
2363.7
2345.1
2330.5
2337.5
2334.6
2362.3
2373.2
2341.3
2391.1
2322.0
2323.2
2331.3
2325.3
2346.8
2327.0
2317.9
2352.0
2357.2
2342.9
2336.5
2365.6
2327.4
2325.1
2358.4
2318.6
2339.6
2345.1
2353.7
2342.0
2347.0
2317.2
2328.4
2353.9
2323.4
2311.7
2322.9
2327.9
2322.0
2324.1
2393.5
2343.7
2353.0
2342.7
2327.0
2335.1
2324.6
2326.3
2314.1
2396.3
2333.6
2323.2
2338.4
2357.0
2325.5
2401.1
2332.4
2332.0
2354.9
2346.3
2348.2
2358.0
2315.8
2331.3
2318.6
2324.6
2328.6
2316.2
2320.5
2337.5
2323.4
2360.3
2352.2
2341.0
2427.3
2346.5
2400.9
2407.3
2331.0
2325.1
2329.1
2262.8
2285.2
2281.9
2266.4
2266.9
2473.6
2268.8
2252.8
2262.4
2306.0
2244.5
2254.7
2268.6
2258.5
2243.0
2249.7
2233.0
2272.4
2241.8
2251.1
2251.1
2258.5
2269.0
2242.8
2245.9
2242.6
2227.3
2247.6
2240.7
2253.5
2258.1
2249.7
2284.3
2253.5
2243.0
2255.9
2266.9
2417.1
2348.4
2308.8
2313.6
2294.5
2277.6
2295.5
2266.4
2270.9
2361.8
2373.2
2311.5
2297.2
2278.1
2287.6
2292.4
2309.6
2273.6
2318.1
2296.4
2270.0
2283.8
2289.8
2286.0
2287.1
2276.7
2310.0
2311.5
2291.0
2281.9
2266.9
2275.7
2317.0
2309.6
2313.1
2279.3
2286.0
2332.7
2291.2
2291.7
2283.6
2291.7
2300.7
2307.9
2298.4
2292.6
2327.4
2288.1
2329.6
2300.3
2281.0
2293.3
2276.4
2288.6
2291.7
2278.1
2298.8
2276.4
2274.3
2276.2
2297.4
2279.0
2285.7
2299.5
2402.8
2276.2
2275.7
2270.9
2447.8
2281.7
2284.3
2476.2
2295.0
2287.4
2287.1
2363.0
2279.8
2342.2
2370.4
2625.7
2649.1
2544.4
2383.7
2303.4
2306.2
2305.3
2288.6
2286.7
2289.8
2280.7
2289.5
2283.6
2278.3
2295.3
2300.7
2297.2
2300.5
2279.5
2355.3
2300.0
2283.6
2309.8
2291.9
2278.3
2292.6
2296.7
2298.8
2302.2
2309.6
2304.6
2297.2
2323.4
2287.1
2286.0
2351.3
2315.5
2309.6
2299.1
2306.9
2293.6
2343.4
2291.7
2291.2
2279.0
2280.2
2290.7
2296.9
2289.3
2295.3
2282.6
2279.0
2301.0
2299.5
2291.4
2298.4
2291.7
2278.6
2294.8
2307.4
2270.7
2290.5
2330.5
2279.0
2283.1
2296.0
2297.6
2283.6
2310.5
2286.9
2296.0
2295.3
2353.2
2285.5
2290.5
2295.5
2299.5
2314.6
2295.3
2307.2
2284.8
2281.0
2299.8
2306.9
2334.8
2281.0
2332.4
2282.6
2277.6
2285.5
2281.7
2293.6
2299.3