71627.5
2779.3
2465.3
2208.7
2116.8
2137.5
2133.0
2076.0
2110.4
2092.3
2050.5
2052.6
2077.9
2026.2
2052.3
2038.6
2040.4
2030.3
2036.2
2033.9
2022.9
2021.4
2021.8
2037.8
2021.2
2009.9
2008.0
2019.0
2036.0
2038.5
2007.9
2017.6
2011.7
2005.6
1997.5
2054.0
2106.6
2086.9
2048.0
2085.9
2110.4
2146.2
2134.0
2163.8
2129.6
2107.7
2127.4
2118.5
2093.3
2093.6
2098.9
2071.3
2056.3
2068.1
2053.7
2049.6
2220.8
2223.6
2142.9
2098.6
2100.5
2143.6
2134.1
2088.1
2107.4
2101.5
2122.3
2100.3
2089.0
2089.5
2092.0
2057.0
2078.3
2057.6
2020.9
2069.5
2069.9
2057.5
2102.8
2083.1
2060.8
2061.7
2036.0
2030.7
1993.0
1984.4
1997.7
1957.7
1958.2
1994.9
2026.3
1983.2
1992.5
1990.4
1983.4
1991.4
1984.9
1987.3
1969.9
1957.2
1968.5
2001.0
1990.2
1968.9
2000.3
2003.7
2020.0
1985.1
1983.8
1988.9
2024.6
2004.4
2020.0
2046.9
2051.3
2036.5
2036.7
2051.6
2054.7
2059.2
2051.6
2052.7
2058.7
2053.9
2046.6
2047.4
2061.2
2039.2
2052.9
2048.3
2065.4
2042.3
2039.2
2031.1
2035.9
2043.1
2044.5
2043.3
2035.9
2024.5
2027.2
2046.7
2062.9
2060.6
2065.2
2043.6
2040.5
2012.9
2051.7
2045.7
2041.1
2031.5
2038.6
2027.4
2011.6
2000.0
2020.4
2009.4
2003.7
1993.5
1995.6
1982.6
1993.2
2001.3
1992.4
2005.4
1999.0
1995.6
1985.9
1986.1
2005.0
1981.0
1981.6
1987.5
1990.8
1980.3
1997.8
1978.8
1996.6
2052.2
2044.3
2054.1
2049.1
2047.5
2039.4
2078.7
2241.2
2046.1
2016.1
2016.7
2006.6
2015.4
2001.7
1991.5
1981.0
1976.2
1989.3
1985.3
1991.1
1986.5
1992.6
1987.4
1982.3
1963.3
1959.1
1978.5
1959.6
1972.6
2001.9
1982.8
1975.8
1979.8
1986.0
1974.3
1985.3
1994.1
1973.1
1982.6
1998.6
1969.3
1987.0
1994.1
1980.8
1986.8
2022.1
1991.4
2005.9
1985.0
2069.2
2019.1
2043.4
1991.8
2002.4
1994.2
1984.2
1996.6
1987.1
1985.9
1977.8
1962.9
1984.5
1980.5
1983.0
1963.0
1972.5
1980.5
1974.4
1986.2
2051.2
2068.6
2000.1
2028.2
2008.2
2002.5
2033.6
2004.5
2004.2
2026.9
2010.4
2006.8
2036.5
2022.0
2057.3
2044.4
2031.2
2052.5
2047.4
2015.1
2049.5
2031.8
2019.7
2019.9
2011.4
2021.8
2020.0
2034.8
2019.8
1998.0
2022.5
2035.3
2008.2
2024.9
2016.4
2002.5
2015.7
2002.2
2005.8
2017.9
2005.7
1990.3
2020.3
2038.6
2024.1
2019.2
2014.5
2020.2
2025.4
1988.3
2000.9
2032.4