148259.9
6266.6
5999.3
5937.3
5940.9
5904.4
5964.5
5860.1
5938.3
5946.6
5994.6
5893.0
5960.7
5936.6
5900.1
5847.5
5907.3
5978.6
6056.1
6014.8
5970.2
5948.8
5914.0
5961.9
5921.4
5885.4
5921.8
5950.5
5948.3
5895.6
6004.3
5946.9
5957.8
5926.4
6001.2
5911.8
5904.0
6030.3
5910.9
5861.3
5847.7
5821.0
5912.8
5956.4
5915.6
5952.6
5964.8
6184.1
5981.4
5957.1
5920.4
6065.1
5907.8
5918.3
5937.8
5945.4
5999.8
5998.8
5964.0
5958.8
5943.1
5881.5
5965.0
5912.5
5983.6
5918.7
5912.8
5901.8
5895.6
5822.2
5858.7
5973.6
6070.6
5974.8
5931.1
5911.6
5891.3
5943.8
5924.2
6037.2
5937.8
5890.1
5906.6
5900.6
5921.6
5834.8
5944.5
5882.0
5968.8
5919.7
5873.9
5918.3
5874.6
5884.9
5921.4
5839.8
5961.4
5976.4
5967.4
5939.2
6617.3
6326.4
6364.6
6318.3
6358.4
6358.4
6372.2
6396.8
6422.0
6316.7
6333.6
6289.7
6373.2
6323.8
6302.6
6253.0
6287.6
6315.2
6282.3
6243.9
6257.3
6367.7
6372.2
6361.2
6309.3
6296.6
6264.7
6363.2
6250.9
6317.1
6276.6
6302.4
6337.2
6315.7
6298.8
6258.2
6238.2
6323.6
6318.6
6261.3
6275.4
6211.0
6310.5
6267.3
6223.0
6350.0
6236.6
6379.8
6432.5
6350.3
6321.0
6243.5
6063.2
5997.7
5848.4
5844.6
5898.7
5521.3
5415.2
5245.7
5314.6
5245.0
5388.3
5237.1
5329.1
5272.6
5261.2
5270.2
5337.5
5450.7
5343.9
5329.4
5285.0
5256.9
5268.3
5264.8
5328.2
5444.0
5416.4
5374.2
5352.0
6139.0
6303.3
5386.6
5350.4
5354.9
5320.8
5304.1
5336.5
5327.0
5394.7
5341.3
5345.8
5338.7
5330.6
5346.1
5330.1
5363.5
5319.1
5322.0
5315.1
5337.7
5311.0
5371.1
5356.6
5311.3
5308.6
5296.0
5326.0
5297.4
5351.1
5283.1
5280.7
5344.2
5306.7
5274.8
5343.0
5327.5
5356.6
5327.5
5340.6
5362.5
5340.1
5346.1
5323.4
5287.2
5220.7
5350.1
5292.2
5288.4
5314.8
5312.4
5256.9
5327.9
5256.9
5265.5
5357.7
5413.1
5321.3
5396.6
5313.2
5379.7
5292.7
5274.5
5306.2
5265.2
5322.9
5317.7
5262.6
5284.1
5385.2
5280.7
5305.1
5289.3
5269.5
5318.2
5328.9
5316.0
5330.8
5256.9
5266.4
5220.7
5210.6
5260.7
5314.1
5307.7
5344.2
5262.6
5343.2
5261.7
5319.4
5281.0
5323.2
5250.7
5278.1
5264.5
5325.8
5287.2
5318.9
5358.9
5370.6
5391.4
5334.9
5464.1
5340.1
5332.2
5432.1
5345.3
5222.8
5331.5
5266.4
5355.8
5247.6
5336.3
5230.9
5232.3
5392.8
5468.8
5397.6
5427.1