777054.8
5589.0
4429.1
15268.1
8008.0
5862.0
2123.1
2788.1
2136.0
2123.8
2568.0
2132.9
2124.1
2116.0
2438.1
2126.9
2129.1
2120.0
2139.1
2441.2
2138.9
2124.8
2143.9
2211.8
2125.0
4076.0
2159.8
2136.0
2129.1
2161.0
2123.1
2116.9
4011.2
2145.1
2116.9
2155.8
2124.1
2137.9
2122.2
2126.9
4006.1
2157.9
2149.8
2123.8
2149.1
2111.2
2125.0
2120.0
2152.9
4525.2
2196.1
2123.1
2127.9
2130.0
2120.0
2132.2
2125.0
2130.0
2129.1
4666.1
2141.0
2138.9
2133.8
2117.2
2116.0
2118.1
2196.1
2120.0
2118.1
2142.9
4216.9
2127.9
2114.1
2146.0
2127.9
2133.1
2167.0
2136.0
2145.8
2214.9
2149.1
2126.9
4271.0
2126.9
2126.0
2087.8
2101.2
2047.1
2065.9
2111.9
2055.2
2053.0
2049.9
2059.2
2056.8
4222.9
2067.8
2060.9
2075.0
2054.9
2054.9
2054.9
2052.1
2062.1
2092.8
2064.9
2052.1
2097.1
2048.0
4197.1
2063.0
2093.1
2049.9
2075.9
2046.1
2055.9
2053.0
2057.8
2066.9
2110.0
2054.9
2066.1
2067.1
2056.8
4328.0
2059.0
2083.1
2041.8
2049.0
2067.1
2059.0
2050.9
2056.8
2047.8
2054.0
2053.0
2054.0
2128.1
2073.0
2049.9
4231.9
2064.0
2100.0
2049.0
2100.9
2050.2
2070.0
2075.0
2059.9
2097.1
2055.9
2061.8
2079.0
2060.9
2074.0
2060.9
2054.0
4277.0
2088.1
2055.9
2057.8
2071.9
2087.1
2054.9
2103.8
2051.8
2049.0
2055.9
2045.9
2111.0
2056.8
2106.0
2048.0
2073.0
2057.1
4305.1
2065.2
2055.9
2054.0
2054.0
2052.1
2048.0
2048.0
2039.9
2098.1
2079.0
2051.1
2054.0
2049.0
2054.9
2067.1
2059.0
2052.1
2078.1
4406.9
2059.9
2062.1
2052.1
2049.9
2055.9
2074.0
2082.1
2056.1
2118.1
2059.9
2085.0
2053.0
2054.9
2051.1
2068.0
2089.0
2054.0
2063.0
2090.9
4424.1
2080.0
2070.0
2100.9
2067.1
2115.0
2091.9
2075.0
2059.9
2075.9
2058.0
2075.0
2095.0
2080.0
2133.8
2090.9
2085.0
2052.1
2070.0
2063.0
2090.9
4449.8
2074.0
2078.1
2125.0
2064.9
2079.0
2105.0
2080.9
2067.8
2081.9
2057.1
2059.9
2087.8
2078.8
2074.0
2075.0
2068.0
2056.1
2057.1
2126.0
2065.2
2082.8
4371.9
2080.9
2074.0
2080.0
2076.9
2077.8
2067.8
2066.9
2068.0
2102.1
2088.1
2057.1
2050.9
2088.1
2066.9
2076.9
2064.0
2088.1
2088.1
2080.9
2083.1
2067.1
2060.9
4355.0
2097.1
2137.9
2077.1
2082.1
2124.1
2071.9
2060.9
2075.0
2074.0
2085.0
2116.0
2074.0
2054.9
2066.1
2068.0
2071.9
2070.9
2056.1
2130.0