3805580.9
4803.9
3045.1
469214.0
8627.9
5268.1
2154.1
2687.0
2136.2
2181.1
2647.9
2182.0
2130.0
2186.1
2606.9
2122.9
2167.0
2122.9
2131.9
2742.1
2129.1
2161.0
2147.0
2141.0
2152.9
2953.1
2142.0
2123.8
2121.0
2121.0
2125.0
2126.0
2968.1
2182.0
2120.0
2135.0
2139.1
2116.0
2146.0
2144.8
2754.9
2172.9
2113.1
2185.1
2186.1
2153.9
2127.2
2129.1
2116.0
3103.0
2156.0
2141.0
2124.8
2136.9
2120.0
2130.0
2193.2
2130.0
2131.0
2945.9
2142.0
2126.0
2122.2
2115.0
2124.1
2132.9
2126.0
2138.9
2121.9
2124.1
3402.9
2136.9
2131.0
2128.8
2142.2
2187.0
2114.1
2128.1
2126.0
2167.0
2157.0
2129.8
3794.9
2198.0
2135.0
2162.0
2112.2
2147.0
2077.1
2056.1
2048.0
2057.1
2051.8
2059.0
2057.1
3684.0
2081.9
2054.9
2059.0
2066.1
2079.0
2095.2
2064.0
2054.9
2064.2
2054.0
2043.0
2072.1
2052.1
3342.9
2053.0
2054.0
2077.1
2081.9
2057.8
2050.9
2049.0
2059.0
2069.0
2057.1
2055.9
2097.8
2048.0
2118.8
3163.8
2067.8
2059.9
2066.1
2094.0
2049.0
2076.1
2051.8
2069.0
2064.0
2039.0
2065.9
2061.1
2061.8
2051.8
2095.0
4148.0
2069.0
2060.2
2068.0
2075.9
2058.0
2058.0
2084.0
2057.1
2080.2
2046.8
2067.8
2054.0
2116.9
2054.9
2093.1
2054.0
3593.0
2060.2
2083.1
2098.1
2084.0
2088.1
2071.9
2049.0
2059.9
2063.0
2058.0
2061.1
2100.0
2096.2
2063.0
2049.9
2085.0
2101.9
3321.2
2060.9
2079.0
2096.9
2071.1
2049.0
2060.2
2075.9
2062.1
2054.9
2230.9
2049.2
2118.8
2046.8
2067.8
2052.8
2059.9
2046.1
2069.0
3819.9
2066.9
2104.0
2047.1
2052.1
2051.1
2050.9
2102.9
2112.9
2058.0
2092.8
2046.1
2052.1
2106.9
2081.2
2095.0
2048.0
2085.0
2110.0
2046.8
3899.8
2071.9
2064.9
2063.0
2088.1
2064.0
2088.1
2081.2
2094.0
2073.0
2053.0
2045.9
2075.0
2054.0
2089.0
2095.0
2062.1
2058.0
2097.1
2058.0
2075.9
3436.8
2095.9
2061.1
2065.9
2055.9
2064.9
2055.2
2106.0
2119.1
2055.2
2075.9
2084.0
2126.2
2039.0
2084.0
2130.0
2064.0
2128.1
2062.1
2063.0
2056.1
2076.1
3547.9
2073.0
2068.0
2125.0
2132.9
2064.9
2049.9
2076.1
2058.0
2075.9
2123.1
2070.9
2058.0
2075.0
2053.0
2062.1
2073.0
2049.0
2090.0
2062.1
2053.0
2068.0
2101.9
4057.2
2069.0
2140.0
2135.0
2063.0
2097.1
2110.0
2056.1
2095.9
2094.0
2078.1
2088.1
2080.9
2088.1
2077.1
2131.9
2128.8
2115.0
2102.9
2053.0