56068.4
2471.6
2257.3
2002.8
2045.2
1985.5
1992.7
1982.3
1982.2
1968.0
1989.2
2018.1
1997.4
1977.8
1970.4
2086.4
2027.6
2001.1
1969.2
2003.7
1962.0
1995.5
1999.9
1992.0
1986.5
1974.8
2014.8
2039.9
2031.9
1967.9
1967.4
1993.7
1998.0
1982.3
1950.7
1987.1
2024.0
1979.4
1992.5
1989.6
2022.2
1996.2
2102.3
2049.3
2049.1
2018.8
2029.4
2061.5
2021.3
2028.5
2077.4
2082.5
2054.4
2019.5
2020.8
2013.8
1997.7
2043.6
2017.9
1986.3
2021.1
2059.7
2065.9
2042.3
2048.7
2037.1
2045.0
2030.8
2039.8
2033.4
2035.1
2037.1
2106.9
2108.1
2090.8
2065.3
2059.9
2063.2
2080.9
2098.8
2025.0
2008.5
1991.0
2021.1
2025.7
2002.7
1995.6
1985.3
2004.1
2019.0
2005.3
1997.8
1981.4
1993.2
1992.9
2016.9
2022.3
1982.6
1982.4
1967.1
1981.7
1975.4
1969.9
1971.4
1958.6
1975.7
1981.5
2009.5
1985.2
1975.6
1979.3
1984.8
1976.9
1976.7
1978.7
1985.1
1976.4
2016.6
2017.3
1995.5
2008.4
1986.0
1996.9
1993.0
2106.0
1955.3
2007.2
1996.8
2004.2
2049.0
1963.8
1986.7
1970.4
1971.6
1973.7
1967.1
1967.2
1960.9
1968.6
1964.1
1933.2
1989.9
1977.9
1969.7
1994.4
1980.2
1981.7
1983.3
1981.7
2041.3
2012.3
1980.9
1977.2
1983.4
1981.6
1991.0
2022.1
2036.5
1994.8
1982.5
2010.3
2020.4
2004.5
2012.9
1990.7
1976.1
1980.5
1973.6
1980.1
1966.0
1978.3
1978.0
2001.3
2029.3
1994.9
1979.5
1986.9
1943.3
1984.0
1967.6
1971.3
1969.7
2059.0
2010.9
2016.3
2019.2
2007.4
2005.5
2010.2
1979.8
1963.2
1962.1
1996.9
1984.6
1980.7
1996.0
1994.1
2049.0
1996.1
2004.6
2003.1
2000.1
1993.1
1977.0
1980.9
1985.2
2032.5
2003.0
2044.4
2038.5
2052.0
2015.2
2038.2
2004.4
2000.0
2001.5
1969.0
1994.9
2001.8
1984.6
1985.7
2024.2
2036.3
1994.0
2013.2
2015.1
2002.4
1989.6
2009.7
2001.0
1998.3
1980.2
2021.2
2029.9
2003.2
2013.3
2000.4
2005.3
2010.4
1977.7
1996.6
1984.7
2007.1
1981.5
2019.1
2005.1
2048.3
2002.5
1991.3
2001.5
2020.1
1998.0
2005.6
1988.4
1996.8
1987.6
1998.2
2013.5
2041.6
1961.4
2023.1
2037.3
1966.0
1953.0
2002.7
1982.9
1994.0
1977.9
2006.3
2034.0
1973.7
2003.9
2005.3
2033.8
1958.9
1992.3
2002.8
2006.2
1938.6
1978.5
2032.2
2012.4
2014.6
1962.5
2002.9
1991.9
2009.9
1991.0
2005.5
1991.5
1959.9
1996.2
2027.7
2045.9
1976.0
1999.1
1955.0
1995.5
1973.8
1972.0