8886.5
2263.3
2254.6
2051.4
2045.4
2034.0
1976.7
2006.4
1990.2
2026.7
1986.4
2027.5
1982.3
2029.5
1951.5
1950.9
2039.8
2024.3
1983.0
2034.4
1975.8
1983.1
2032.6
1955.8
1992.3
2035.5
1961.1
1974.8
2035.5
1982.3
1956.6
2035.3
1954.3
2047.7
1984.8
2025.2
2179.5
2029.9
2241.1
2391.9
2277.4
2218.9
2181.8
1989.6
2340.4
2244.6
2038.5
2159.2
1976.2
2175.3
2369.2
2207.0
2196.1
1987.2
1985.0
1980.6
1951.4
2166.2
1975.0
2012.2
2518.9
2274.7
2029.0
1975.7
2174.9
1952.3
2008.4
2008.7
2017.5
2013.6
2521.1
2272.6
2291.8
1998.2
2424.0
2248.5
2045.5
1969.3
1957.3
2170.3
1975.5
1989.3
1962.9
1960.8
1973.9
2166.4
1975.4
2182.5
2386.6
2266.9
2327.2
2958.3
2422.7
2043.5
2281.0
2265.0
2027.1
2381.6
2275.6
2200.0
1983.4
1975.5
2012.3
2033.2
2498.4
2012.3
2279.4
2294.5
2026.1
2350.8
2277.4
2220.3
1988.3
2052.5
2106.2
2098.0
2089.0
2071.6
2073.4
2039.9
2075.2
2037.3
2030.5
2027.7
2028.7
2064.2
2027.9
2030.2
2038.7
2041.2
2043.4
1966.7
1962.5
1953.3
1961.3
1935.2
1926.9
1926.7
1927.4
1927.2
1974.7
1986.9
1968.6
1975.2
1972.5
1962.7
1970.7
1968.1
1975.9
1998.0
1977.9
1971.4
1978.1
1975.1
1981.2
1985.8
2019.8
2001.8
1951.8
1993.5
1987.8
1981.7
1999.2
1966.1
1998.3
2043.0
2011.5
1992.7
1988.1
1980.4
1991.2
1974.0
2005.9
1988.2
2061.8
1999.4
2003.4
1976.7
1984.6
1993.7
1993.7
1973.9
1975.5
1981.8
1990.5
1980.5
1981.0
1974.4
1991.4
1974.0
1969.5
1967.3
1942.7
1937.0
1916.2
1877.3
1920.5
1922.8
1953.6
1956.4
1961.4
1963.7
1957.9
1951.0
1969.0
1968.9
1970.4
1961.4
1947.4
1982.2
1978.6
1966.5
1971.1
1956.3
1955.4
1950.1
1942.7
1914.4
1917.4
1917.0
1919.0
1962.4
1960.7
1973.9
1967.8
1967.9
1965.2
1969.1
1966.0
1972.9
1990.9
1987.7
1989.2
1969.8
1976.7
1971.9
1981.0
1976.7
1984.1
1973.1
1979.1
1972.8
1972.9
1951.7
1940.2
1938.4
1934.2
1921.1
1922.1
1915.7
1925.4
1965.0
1976.5
1981.0
1963.0
1964.4
1969.3
1979.1
1971.0
2033.3
2035.2
1946.7
1988.0
1922.1
1969.0
1989.5
1959.0
1956.0
1962.6
1961.3
1957.3
1941.5
1936.2
1916.0
1907.8
1905.7
1911.9
1953.3
1956.5
1943.2
1944.3
1952.1
1967.0
1979.9
1973.7
1963.8
1977.6
1966.4
1966.3
1984.1
1987.1
1970.9
2065.8
1994.2
2004.0
1979.9
1970.7
1962.4
1968.1
1911.3