5123807.2
36717.2
2645.3
2372.7
2294.5
2276.7
2271.4
2265.7
2258.3
2298.8
2218.2
2244.7
2204.2
2239.5
2226.8
2215.1
2206.3
2197.5
2209.4
2191.8
2177.2
2195.6
2191.8
2200.4
2201.3
2188.2
2183.7
2193.5
2204.9
2182.7
2245.7
2181.3
2169.1
2237.8
2214.2
2181.3
2184.9
2176.5
2213.7
2177.7
2175.8
2191.5
2175.3
2192.7
2202.0
2233.7
2176.3
2193.2
2176.0
2211.8
2195.6
2244.2
2206.3
2209.7
2175.3
2170.1
2189.9
2193.7
2247.6
2176.0
2174.4
2235.4
2176.8
2182.5
2211.3
2212.3
2169.4
2194.2
2175.8
2202.0
2165.6
2193.0
2184.9
2178.0
2197.0
2175.3
2206.8
2173.2
2201.1
2125.5
2116.0
2154.8
2101.9
2113.8
2105.7
2095.5
2144.6
2139.6
2111.9
2136.2
2097.1
2117.2
2118.8
2102.9
2125.0
2152.9
2111.0
2163.2
2109.8
2108.8
2117.4
2142.2
2100.9
2107.4
2100.0
2156.7
2103.6
2132.2
2087.6
2115.7
2128.1
2150.1
2105.7
2121.9
2117.4
2097.6
2222.3
2147.0
2133.6
2110.0
2098.3
2104.8
2112.9
2165.8
2142.4
2105.0
2107.1
2107.1
2145.1
2164.6
2120.3
2131.9
2101.7
2085.9
2094.3
2176.8
2121.0
2090.5
2100.7
2106.4
2132.7
2115.5
2118.6
2125.5
2110.0
2111.7
2121.0
2129.1
2113.6
2098.8
2098.3
2104.3
2136.5
2097.1
2125.0
2177.0
2105.7
2105.5
2102.1
2108.6
2106.9
2128.4
2093.1
2118.1
2097.1
2103.3
2108.3
2094.7
2131.7
2110.0
2110.5
2143.9
2117.4
2099.0
2112.2
2114.5
2167.0
2128.4
2119.3
2129.1
2113.1
2110.5
2130.3
2141.0
2138.9
2121.0
2132.9
2113.3
2119.3
2106.7
2128.1
2136.7
2117.4
2130.3
2106.2
2131.5
2132.9
2175.6
2124.1
2128.4
2121.2
2119.8
2112.2
2115.2
2107.9
2103.6
2112.2
2117.9
2118.3
2135.8
2124.5
2112.4
2111.0
2121.0
2116.2
2121.7
2129.3
2117.6
2135.5
2128.4
2152.7
2121.4
2110.0
2126.7
2124.1
2119.1
2125.0
2108.3
2102.9
2106.9
2107.9
2140.3
2156.5
2114.8
2107.9
2121.9
2133.8
2113.6
2126.9
2136.0
2169.6
2130.0
2129.6
2108.1
2110.7
2141.7
2109.5
2123.6
2116.4
2150.8
2099.3
2158.2
2137.2
2128.1
2112.9
2127.2
2176.0
2105.5
2117.9
2140.8
2156.5
2114.1
2107.9
2142.0
2116.4
2135.5
2125.5
2128.1
2122.6
2114.3
2127.9
2120.3
2136.7
2114.1
2123.1
2177.2
2104.8
2170.1
2119.3
2122.6
2116.7
2133.6
2177.0
2103.8
2139.6
2101.7
2142.2
2150.3
2121.7
2136.2
2121.2
2118.3
2156.0
2146.0
2151.7
2128.4
2125.0
2114.3
2136.0
2132.7