3933602.1
5037.1
3574.1
492837.2
7561.9
5318.9
2131.0
2680.1
2168.2
2121.9
2395.2
2140.0
2122.2
2134.1
2326.0
2120.0
2120.0
2134.8
2157.9
2323.2
2191.1
2155.1
2137.9
2195.1
2126.9
2775.0
2136.0
2151.0
2116.0
2130.0
2141.0
2133.1
2365.1
2120.0
2139.1
2113.1
2135.0
2130.0
2145.1
2137.9
2351.0
2134.8
2139.8
2126.0
2145.1
2130.0
2127.9
2124.8
2125.0
2353.9
2142.2
2137.9
2136.0
2136.0
2138.9
2116.9
2126.9
2122.9
2138.1
2332.9
2138.1
2133.1
2143.9
2120.0
2112.9
2125.0
2138.1
2126.0
2154.1
2129.1
2357.0
2121.9
2136.9
2118.1
2123.8
2121.9
2136.0
2121.2
2116.9
2133.1
2193.0
2136.0
2373.2
2157.0
2156.0
2071.1
2080.0
2055.2
2069.0
2079.0
2054.0
2071.9
2070.9
2100.9
2059.9
2358.0
2050.2
2057.1
2116.9
2058.0
2074.0
2065.9
2053.0
2067.8
2061.8
2062.1
2064.9
2075.9
2057.1
2347.9
2065.9
2106.0
2074.0
2056.8
2059.9
2062.1
2074.0
2050.2
2058.0
2063.0
2064.9
2043.0
2068.0
2055.9
2385.1
2064.0
2061.1
2071.1
2057.1
2122.9
2044.9
2059.9
2069.0
2049.9
2075.0
2056.8
2063.0
2080.0
2062.1
2075.9
2356.1
2121.0
2121.0
2048.0
2091.2
2063.0
2054.9
2061.1
2059.9
2126.0
2071.9
2063.0
2071.1
2054.0
2075.2
2066.9
2052.8
2377.0
2073.0
2072.8
2072.8
2061.1
2042.1
2056.1
2080.9
2083.1
2064.0
2053.0
2077.8
2049.0
2045.9
2074.0
2059.9
2093.1
2051.8
2682.9
2087.1
2068.0
2058.0
2058.0
2060.2
2058.0
2057.1
2113.1
2070.0
2084.0
2076.1
2070.0
2096.2
2096.9
2066.9
2078.1
2061.1
2074.0
2413.0
2122.2
2075.0
2064.2
2063.0
2127.2
2070.0
2058.0
2066.1
2098.1
2067.1
2075.9
2081.2
2064.9
2067.1
2115.0
2063.0
2133.1
2074.0
2059.0
2750.9
2074.0
2063.0
2107.9
2077.8
2070.0
2070.9
2100.0
2120.0
2068.0
2059.0
2089.0
2061.8
2126.2
2060.9
2084.0
2068.0
2070.2
2095.9
2072.1
2064.0
2488.9
2100.0
2102.9
2096.2
2080.9
2077.1
2075.0
2073.0
2065.9
2061.1
2084.0
2068.0
2071.1
2080.9
2076.1
2122.9
2069.0
2065.9
2068.0
2070.2
2126.0
2080.0
2448.1
2088.1
2068.0
2091.2
2097.8
2062.8
2100.9
2056.1
2136.9
2059.9
2079.0
2084.0
2064.0
2070.9
2080.0
2080.9
2087.1
2060.9
2076.9
2063.0
2092.1
2070.0
2087.1
2390.1
2080.9
2068.0
2072.1
2059.0
2080.0
2083.1
2090.9
2078.1
2058.0
2122.2
2079.0
2080.0
2064.0
2116.9
2092.1
2073.0
2076.9
2072.8
2059.0