5622592.2
34123.7
2640.2
2270.9
2206.3
2161.7
2202.5
2162.7
2220.9
2169.8
2163.4
2178.0
2212.8
2181.1
2173.9
2169.8
2144.1
2156.7
2169.1
2164.6
2172.2
2161.7
2173.4
2152.4
2199.2
2152.7
2161.3
2180.8
2169.1
2155.3
2167.7
2179.9
2143.9
2169.8
2189.6
2169.1
2163.6
2177.2
2188.9
2174.4
2156.5
2151.3
2169.8
2171.3
2171.5
2163.9
2180.6
2237.1
2276.4
2262.8
2221.1
2278.1
2232.3
2231.6
2222.1
2200.4
2218.0
2292.2
2219.7
2211.8
2204.9
2252.1
2205.1
2181.3
2194.9
2173.7
2155.1
2167.2
2099.0
2085.9
2074.0
2093.1
2083.3
2075.0
2115.2
2100.7
2091.6
2100.7
2087.6
2106.4
2080.9
2088.1
2100.5
2085.9
2083.8
2082.6
2124.8
2088.8
2073.5
2103.3
2087.8
2108.1
2153.6
2079.7
2096.4
2104.8
2078.5
2085.2
2084.3
2091.4
2072.1
2081.4
2097.1
2074.5
2077.8
2091.4
2095.0
2070.9
2091.4
2077.8
2080.4
2083.3
2088.1
2105.0
2074.7
2139.3
2089.0
2094.0
2078.8
2145.8
2084.3
2103.6
2083.1
2074.5
2081.2
2074.5
2077.8
2101.4
2072.6
2070.9
2077.1
2077.3
2153.2
2077.1
2104.8
2082.1
2080.0
2080.4
2077.1
2089.5
2095.7
2083.8
2086.2
2102.9
2140.5
2099.3
2143.9
2089.3
2095.7
2135.3
2121.9
2086.9
2137.7
2102.9
2100.9
2103.6
2107.4
2138.4
2090.5
2096.4
2074.7
2115.0
2093.1
2090.0
2098.6
2144.8
2138.9
2097.4
2089.7
2116.7
2083.8
2105.5
2089.0
2105.5
2098.1
2138.9
2104.0
2091.6
2097.1
2098.8
2098.6
2100.0
2113.3
2144.1
2106.0
2091.9
2145.1
2100.9
2151.3
2069.5
2110.5
2140.8
2080.4
2087.8
2108.1
2115.2
2102.1
2097.1
2104.0
2098.6
2097.1
2075.4
2093.6
2093.8
2094.3
2103.6
2105.5
2093.3
2083.3
2094.7
2140.5
2083.3
2082.3
2090.7
2078.3
2088.1
2092.4
2153.6
2076.4
2152.4
2089.5
2109.3
2121.9
2116.9
2093.8
2124.8
2107.6
2136.7
2112.4
2079.5
2083.5
2085.4
2093.3
2092.8
2079.0
2111.0
2100.0
2140.3
2089.7
2098.8
2107.1
2093.1
2092.8
2088.5
2092.1
2096.4
2091.9
2100.0
2097.6
2088.5
2101.2
2099.8
2092.6
2088.1
2118.1
2147.0
2104.8
2120.0
2117.6
2108.6
2144.6
2100.9
2086.4
2142.2
2107.1
2084.0
2088.3
2098.1
2079.0
2092.6
2082.6
2149.6
2137.7
2121.4
2085.9
2094.5
2091.9
2114.5
2092.6
2143.9
2116.9
2125.0
2120.3
2082.3
2133.8
2081.9
2106.0
2079.7
2132.2
2083.1
2149.6
2082.6
2144.1
2147.0
2087.1
2104.8
2092.1
2102.4
2107.1
2106.7