65319.9
2397.6
2454.2
2044.8
2004.4
1990.4
2025.3
2040.0
2009.0
2009.8
2011.4
1991.0
2015.5
2025.5
2108.9
2015.4
2020.4
2086.9
2078.7
2043.0
2033.9
1984.0
2006.7
2020.0
1970.1
2009.1
2010.4
1974.4
2004.9
2013.3
2019.7
2011.2
1974.1
2000.4
1991.7
1998.8
2102.0
2031.6
2024.2
2009.8
2008.3
1977.2
2005.0
1993.0
1981.7
2052.3
2024.8
2105.2
2085.0
2026.7
2030.1
2021.8
2005.4
1992.0
2027.2
2009.9
2011.5
2003.9
2015.3
2127.9
2087.6
2056.9
2049.7
2108.5
2030.3
2035.7
2020.6
2010.1
2027.5
2079.1
2091.1
2026.4
2030.7
2002.1
2017.3
2009.0
2005.5
1997.9
1998.5
1994.7
2102.6
2048.9
2024.6
2031.8
2006.7
2023.8
2032.7
2010.7
1978.6
2008.4
1974.1
2035.0
2081.0
2057.6
2038.3
1986.6
1972.8
1986.6
1946.6
1962.5
1985.8
1968.8
1976.4
1978.2
2000.5
1962.8
1969.7
1952.1
1961.1
1946.4
1956.4
1973.8
1944.4
1953.4
1991.6
1988.1
1959.0
1941.5
1954.0
1951.6
1958.0
1949.2
1943.7
1957.8
1949.9
1971.7
2056.4
1996.5
1970.3
1971.3
1973.1
1972.1
1964.4
1961.8
1954.2
1952.9
1970.5
2016.3
2019.3
1972.7
1969.4
1953.4
1965.0
1944.3
1962.4
1948.0
1946.7
1930.9
1994.1
1983.2
1954.7
1967.3
1952.0
1948.1
1963.0
1943.8
1953.2
1955.4
1939.5
1946.4
1972.3
2025.2
1968.8
1975.0
1954.4
1960.1
1946.9
2013.4
1973.8
2102.7
2038.0
2012.0
2087.6
2255.7
1975.8
1948.4
1946.1
1937.6
1933.9
1953.9
1968.3
1979.8
1949.6
1952.1
2032.8
1972.8
1962.4
1943.1
1952.2
2025.9
2008.1
1979.5
1967.1
1977.6
1976.4
1958.1
1993.7
1963.3
1962.5
1940.9
1960.1
1994.8
1978.9
1949.8
1961.5
1932.5
1951.4
1946.1
1975.0
1956.6
1951.1
1950.9
2032.5
2048.1
1985.2
1972.3
1970.9
1971.1
1945.0
1959.8
1958.0
1944.4
1984.5
1992.3
2065.3
1982.1
1954.5
1956.5
1990.0
2007.0
2035.4
1966.1
1970.2
1964.0
1968.9
2035.8
1995.4
1968.2
1989.0
1966.5
1963.8
1947.5
1967.3
1946.2
1954.8
1971.9
2012.1
2029.8
1964.4
1969.7
1955.8
1966.4
1967.5
1978.7
1960.5
1955.8
1948.9
1983.0
2003.0
1976.3
1962.4
1984.3
1970.1
1995.8
1992.5
1971.2
1961.0
1962.4
1997.9
2021.1
1981.7
1956.0
1964.6
1961.8
1964.9
1953.1
1974.3
1971.1
1957.9
1982.7
2053.2
2027.8
1970.7
1970.2
1958.4
1993.1
1963.6
1981.6
1968.9
1954.5
1960.8
2014.7
1992.8
1968.4
1952.9
1958.0
1968.2
1965.0
1970.3
1960.5