149445.8
6304.7
6132.4
6032.2
5983.1
5927.1
5968.3
5942.1
5936.6
5934.0
5890.4
5985.7
5983.8
5950.2
5975.5
5951.4
5902.1
5961.2
5892.8
5966.9
5868.7
6015.3
5855.3
5893.2
5899.9
5878.7
5923.3
5865.8
5961.2
5841.7
5853.7
5876.8
5849.4
5885.1
6147.1
5991.5
5967.6
5929.9
5930.7
5898.5
5993.8
6042.2
6027.9
5934.5
5886.1
5948.3
5870.1
5934.7
5905.2
5887.5
5872.7
5845.5
6038.7
5898.0
5882.0
5881.5
6019.8
5891.3
6002.9
5954.3
5980.5
5888.5
5977.9
5877.5
5875.6
5914.4
5896.6
5918.0
5903.0
5916.4
5985.3
5975.7
5850.1
5983.4
5859.9
5997.2
5946.4
5810.7
5894.7
5946.6
5914.7
5887.3
5922.8
5921.1
5949.0
5898.2
5864.6
5921.8
5915.4
5887.7
5952.8
5939.2
5947.4
5951.9
6012.2
6007.2
5967.4
5946.4
5961.2
5976.4
5950.7
5935.9
5848.2
5916.4
5904.2
5867.0
5895.6
5957.1
5852.5
5954.3
5932.3
5974.3
6002.7
5996.2
5957.1
5970.2
5973.3
5939.2
6023.2
6040.8
5983.6
6058.5
6221.3
5977.9
5925.2
5904.0
5957.4
5986.5
5914.2
5978.1
5937.1
5899.7
5857.5
6009.3
5967.1
5957.6
5952.1
6000.5
6035.8
5980.0
6003.4
5976.2
6019.8
6014.1
6011.5
6043.7
6006.7
5948.8
5961.7
5943.8
6097.8
5994.6
5943.1
6560.8
6059.2
6345.0
6028.4
6080.2
6008.1
6014.3
5982.6
5960.2
5958.6
6038.9
6083.0
6171.2
6062.3
6104.5
6012.4
5995.5
5936.9
5997.2
5962.8
6005.8
5895.6
5966.2
5988.1
5968.8
5931.9
5990.7
5976.7
5926.8
5869.4
6027.5
5914.0
5933.3
5898.7
5932.3
5855.1
5964.3
5972.1
5888.0
5979.3
5939.5
5953.6
5885.1
5986.0
5909.9
5844.4
5905.4
5589.5
5518.0
5337.7
5102.9
5070.7
5085.9
5060.7
5068.3
5152.7
5016.1
5029.2
5084.5
5092.9
5020.9
5001.1
5075.0
5044.5
5037.3
5057.8
5036.1
5080.5
5077.1
4988.7
5023.2
4991.3
5039.0
5017.0
5073.8
6417.5
6002.9
5999.1
5085.5
5120.8
5063.3
5114.1
5057.1
5071.6
5047.8
5038.3
5067.3
5079.3
5004.4
5029.7
5016.3
5058.8
4986.3
5004.9
5102.6
5012.0
5011.6
5154.1
5100.3
4973.4
5022.8
5014.9
5028.2
4994.2
5063.5
5024.2
5005.1
5098.1
4981.0
5030.4
5008.0
5012.5
5041.8
5029.0
5069.0
5097.2
5083.1
5084.3
5076.4
5071.9
5106.4
5055.4
5044.9
5034.7
5060.7
4984.1
5063.3
5034.0
5015.6
5022.0
5057.8
5006.3
5005.8
5047.6
5046.6
5006.3
5022.0
5029.0
5049.2
4984.1
5061.6
5019.2
5028.2
5012.5
5004.4
4970.8
5027.8