669803.1
4678.0
3144.0
11460.1
6047.0
5082.1
2151.0
2790.2
2130.0
2142.0
2528.2
2123.8
2126.9
2139.1
2436.9
2128.8
2131.0
2112.9
2131.0
2506.0
2142.9
2114.1
2128.1
2161.0
2193.9
2584.0
2172.0
2184.2
2131.0
2140.0
2160.1
2130.0
2773.0
2129.1
2182.0
2137.9
2122.9
2121.0
2120.0
2126.9
2833.1
2133.8
2125.0
2191.1
2148.2
2115.0
2146.0
2123.1
2147.0
3194.1
2143.1
2100.9
2125.0
2116.2
2125.0
2119.1
2126.9
2123.1
2109.1
3404.1
2130.0
2117.9
2121.0
2161.0
2119.1
2106.9
2121.0
2132.9
2137.9
2126.0
3158.8
2131.9
2121.0
2139.1
2131.9
2116.9
2147.0
2119.1
2119.1
2136.0
2112.9
2121.0
3057.0
2135.0
2135.0
2131.0
2123.1
2123.8
2188.9
2125.0
2125.0
2130.0
2120.0
2123.1
2133.1
3305.9
2156.0
2144.8
2150.1
2142.0
2156.0
2114.1
2118.1
2124.1
2122.9
2153.2
2127.9
2119.8
2151.0
3033.9
2060.2
2059.9
2053.0
2042.1
2058.0
2081.2
2058.0
2062.1
2052.1
2056.8
2075.0
2064.0
2119.1
2069.0
3940.1
2073.0
2075.0
2054.0
2114.1
2076.9
2050.9
2051.1
2082.1
2079.0
2049.9
2060.2
2052.1
2055.9
2059.0
2066.9
3918.9
2063.0
2054.9
2066.9
2060.9
2066.1
2054.0
2059.9
2064.9
2051.1
2080.9
2044.0
2047.1
2048.0
2065.9
2067.8
2075.0
3234.9
2055.9
2070.9
2078.1
2054.0
2055.2
2052.1
2054.9
2061.1
2064.9
2058.0
2090.9
2094.0
2087.1
2061.1
2089.0
2049.9
2060.9
4639.9
2070.9
2062.1
2058.0
2052.1
2057.1
2045.9
2090.0
2077.1
2052.1
2068.0
2058.0
2046.1
2058.0
2060.9
2064.0
2058.0
2056.1
2061.8
4056.0
2128.1
2072.1
2051.8
2079.0
2050.2
2065.9
2069.2
2065.9
2056.8
2078.1
2078.1
2071.1
2079.0
2054.0
2051.1
2085.9
2066.9
2088.1
2046.1
4188.1
2086.2
2056.8
2071.9
2065.9
2061.1
2084.0
2057.1
2064.9
2085.0
2064.0
2059.0
2077.1
2059.0
2130.0
2063.0
2053.0
2068.0
2073.0
2139.1
2079.0
3758.0
2074.0
2083.1
2078.1
2066.9
2085.0
2080.9
2061.1
2081.9
2075.9
2067.1
2070.0
2059.9
2070.9
2075.0
2095.9
2059.0
2090.0
2091.2
2059.0
2067.1
2076.9
3858.1
2073.0
2068.0
2072.1
2078.1
2072.1
2116.0
2100.0
2079.0
2071.9
2065.9
2058.0
2059.9
2083.1
2068.0
2073.0
2061.8
2077.1
2108.1
2095.0
2130.0
2078.1
2072.1
3732.9
2100.0
2076.9
2081.9
2067.1
2070.0
2066.9
2069.0
2076.9
2088.1
2081.2
2079.0
2071.9
2074.0
2128.8
2070.2
2090.0
2064.9
2060.2
2095.0