4304842.9
6289.0
6251.1
566319.9
8678.0
5705.1
2193.0
3264.0
2143.1
2135.0
4539.0
2153.9
2133.8
2131.9
3829.0
2164.8
2195.8
2121.9
2138.1
4397.9
2167.0
2145.1
2129.1
2161.0
2135.0
3263.0
2127.9
2131.0
2136.0
2179.1
2128.8
2121.0
3216.0
2167.9
2122.9
2136.9
2122.9
2152.0
2145.1
2120.0
3711.9
2147.9
2139.1
2127.2
2131.9
2146.0
2132.9
2128.8
2120.0
3695.0
2132.9
2044.2
2054.0
2039.0
2049.0
2046.1
2053.0
2060.9
2051.8
3656.9
2054.0
2069.0
2069.0
2050.2
2077.1
2049.0
2070.9
2041.8
2044.0
2049.9
3393.9
2046.1
2033.0
2059.9
2049.0
2071.1
2068.0
2065.9
2070.0
2121.9
2039.2
2049.0
3214.1
2058.0
2045.9
2055.9
2060.2
2109.1
2050.9
2059.9
2051.1
2040.9
2082.8
2047.8
2050.9
3216.0
2055.2
2068.0
2084.0
2120.0
2073.0
2074.0
2076.1
2113.1
2085.9
2183.0
2086.9
2067.8
2075.0
7221.0
2072.8
2063.0
2071.9
2051.8
2082.1
2062.1
2058.0
2072.1
2069.0
2064.0
2068.0
2050.2
2059.0
2049.9
4211.9
2074.0
2050.9
2055.2
2053.0
2082.1
2063.0
2111.0
2060.2
2066.9
2046.8
2086.9
2056.1
2059.0
2078.8
2121.9
4137.0
2085.2
2061.8
2061.8
2109.1
2070.2
2065.9
2064.0
2063.0
2070.9
2056.8
2049.2
2060.9
2113.8
2071.9
2061.1
2054.9
4175.9
2070.2
2068.0
2085.9
2077.1
2080.9
2068.0
2076.9
2062.1
2058.0
2077.1
2075.0
2060.9
2058.0
2074.0
2111.2
2111.0
2107.1
4190.0
2073.0
2069.0
2058.0
2077.1
2052.1
2058.0
2075.9
2056.1
2065.9
2076.9
2091.9
2076.1
2064.9
2091.9
2064.0
2086.9
2056.1
2048.0
4695.9
2076.1
2076.9
2110.0
2068.0
2064.9
2059.0
2083.1
2102.1
2068.0
2065.2
2060.9
2081.2
2053.0
2062.1
2052.1
2082.1
2075.0
2077.1
2058.0
5001.1
2095.0
2094.0
2064.0
2062.1
2058.0
2057.1
2074.0
2081.9
2058.0
2047.1
2076.1
2065.9
2056.8
2058.0
2063.0
2057.1
2067.1
2074.0
2084.0
2082.8
4812.0
2104.0
2067.1
2073.0
2058.0
2102.1
2070.0
2061.1
2049.0
2057.8
2075.0
2057.1
2059.9
2068.0
2131.9
2070.9
2065.9
2064.0
2078.1
2059.9
2069.0
2075.2
4263.2
2068.0
2053.0
2068.0
2043.0
2059.9
2114.1
2064.0
2049.2
2075.9
2078.1
2065.2
2048.0
4446.0
2079.0
2054.2
2049.9
2069.0
2053.0
2074.0
2049.9
2078.1
2956.2
4256.0
4732.8
2069.0
2063.0
2075.0
2052.8
2066.9
2071.9
2059.2
2064.9
2089.0
2053.0
2085.0
2059.9
2099.0
2110.0
2070.9
4898.1
2129.1
2072.8