8540.6
2319.1
2204.4
1975.1
1964.9
2000.9
2009.6
2006.2
2001.6
1999.5
2003.0
1995.7
1967.9
1990.8
1968.2
1998.4
2000.6
1998.3
1998.1
2006.4
1970.3
2004.6
2000.2
1979.2
2002.1
2020.7
1982.7
2004.4
2008.0
1976.6
2007.7
2004.5
1981.0
2016.7
2004.7
2005.8
1968.6
1977.6
1980.4
2011.4
2004.5
1999.7
2049.0
2010.1
2039.4
2029.8
1984.9
1989.4
2017.2
2002.3
1971.6
1999.8
2002.2
1973.5
2007.1
1982.7
2006.6
1950.2
2011.8
1982.2
2020.2
1956.6
1997.4
1993.3
1984.1
2004.9
1989.0
1987.2
1992.0
1975.2
2017.2
1993.4
1998.6
2001.0
2003.5
2017.5
1989.6
1985.6
1991.5
1993.4
1986.4
1986.9
1992.7
1982.2
1984.3
1975.9
2000.6
1958.0
1988.3
1992.2
1986.5
1982.7
1963.0
2001.9
2023.7
2023.8
1997.8
1984.8
2025.0
1987.7
2006.4
2001.8
1973.8
1998.1
2015.3
2002.6
1994.6
1999.4
2074.3
1998.1
1970.3
1997.0
1959.4
1959.1
1962.2
1980.9
1983.1
1956.5
1985.8
1996.1
1966.2
1981.4
1978.2
1998.2
2008.2
2005.2
2024.3
1999.8
2010.2
2008.9
2013.7
2015.8
2005.2
1997.2
1998.8
1992.1
1998.3
1978.0
1994.9
1994.3
1995.8
1987.9
1931.9
1930.3
1948.9
1961.6
1928.0
1926.3
1926.7
1931.8
1937.1
1928.6
1930.4
1908.9
1931.6
1942.5
1939.1
1929.1
1932.8
1921.0
1927.1
1932.4
1946.8
1950.8
1944.4
1947.4
1946.1
1935.9
1975.4
1944.6
1945.2
1943.2
1949.5
1948.6
1997.0
1947.8
1948.2
1973.8
1940.2
1938.8
1950.7
1948.8
1938.5
1947.6
1951.7
1935.4
1949.7
1931.4
1941.8
1932.7
1939.7
1937.9
1944.4
1952.2
1949.9
1943.2
1941.8
1936.8
1940.3
1946.9
1935.3
1937.7
1946.0
1947.5
1936.3
1942.4
1948.9
1948.1
1955.3
1959.0
1941.8
1961.1
1946.4
1958.4
1962.9
1948.8
1944.4
1931.0
1929.8
1935.7
1939.6
1936.5
1933.8
1943.0
1928.7
1928.7
1933.2
1946.5
1977.0
1952.0
1964.0
1947.2
1956.8
1948.6
1944.8
1947.8
1948.0
1937.2
1940.2
1944.3
1936.9
1935.6
1950.7
1940.1
1942.4
1928.4
1939.3
1949.3
1936.2
1963.7
1959.8
1953.9
1957.0
1956.2
1954.6
1948.6
1942.3
1928.5
1940.2
1933.2
1929.6
1930.6
1938.9
1936.3
1937.5
1937.1
1937.0
1936.2
1941.5
1963.7
1938.9
1950.3
1952.4
1939.1
1932.1
1937.6
1940.4
1964.0
1928.4
1917.1
1921.4
1921.6
1919.5
1929.4
1931.1
1934.7
1927.9
1924.2
1929.1
1926.1
1929.1
1926.1
1921.5
1916.4
1919.3
1919.7
1930.8
1918.4
1930.4
1936.9