147339.8
6261.1
5984.1
5913.0
6004.3
5914.2
5905.6
5883.0
5930.9
5947.6
5875.1
5881.5
5891.8
5947.6
5880.1
5948.1
5887.5
5924.0
5946.2
5882.0
5865.6
5885.8
5861.3
5857.5
5874.2
5931.1
5917.8
5859.9
5859.4
5940.4
5924.7
5876.5
5904.4
5887.5
5913.5
5909.9
5927.1
5919.5
5937.6
5833.1
5834.8
5845.3
5899.0
5928.5
6049.4
6021.3
5998.4
6521.2
5918.3
5946.9
6327.9
6328.3
6321.9
6289.0
6235.4
6275.4
6247.0
6218.7
6297.8
6324.3
6254.7
6247.5
6273.0
6284.0
6232.3
6249.4
6238.7
6230.6
6317.9
6331.4
6294.3
6327.4
6223.0
6252.5
6269.2
6259.4
6284.0
6244.4
6256.3
6263.0
6243.0
6300.0
6277.6
6283.8
6262.3
6247.3
6273.3
6256.6
6274.5
6229.6
6316.4
6320.2
6475.4
6346.2
6351.0
6337.6
6274.5
6260.9
6239.9
6330.3
6335.3
6225.3
6331.4
6261.3
6301.4
6219.9
6262.8
6272.6
6233.0
6218.2
6295.2
6391.3
6297.1
6291.4
6257.8
6321.2
6324.8
6256.8
6239.7
5901.8
5943.5
5871.1
6023.4
5919.0
5994.8
5928.8
5860.8
5907.3
5889.2
5899.0
5923.0
5888.9
5944.7
5889.2
5916.6
5960.7
5883.9
5888.9
5857.0
5872.7
5912.8
5920.4
5830.8
5895.9
5886.6
5877.3
5947.6
5967.1
5942.6
5961.2
5946.6
6027.2
5964.0
5928.3
5948.1
5911.4
5936.4
5938.3
5862.5
5868.2
5944.0
5736.1
5516.5
5256.7
5451.0
5563.5
5355.6
5450.0
5030.2
5109.8
5055.9
5020.4
5067.8
4990.6
5017.0
4997.0
5037.3
5024.2
5039.2
5026.1
5072.1
4960.3
5013.9
5021.3
5033.7
4988.2
5040.2
5011.8
5055.2
5020.1
5036.1
5016.8
5015.6
4972.0
5098.8
5008.2
5057.6
5125.3
4975.6
5008.9
5003.0
4977.2
5024.9
5128.4
4983.4
5016.8
5008.5
5023.7
5049.9
5072.6
5118.6
5066.6
5054.2
5104.1
5123.6
5068.3
5044.0
5257.4
5157.2
5664.8
5297.2
5338.4
5399.7
5480.1
5373.7
5363.5
5354.2
5327.7
5343.2
5294.6
5295.0
5353.9
5314.4
5341.3
5299.3
5237.1
5300.8
5320.8
5316.7
5302.0
5332.2
5293.4
5323.9
5263.1
5380.4
5329.4
5342.5
5340.8
5405.7
5321.7
5277.4
5341.3
5430.0
5291.2
5255.5
5277.6
5288.6
5317.9
5340.8
5284.8
5365.8
5317.0
5287.6
5313.2
5316.7
5323.4
5290.7
5294.1
5299.6
5319.8
5291.2
5345.3
5268.3
5567.8
5353.9
5390.9
5386.4
5324.4
5340.6
5271.9
5367.3
5262.1
5380.2
5382.3
5393.5
5384.4
5046.1
5045.7
5077.1
5035.6
5133.9
5030.6
5010.1
4986.8
5009.7
5034.2
5044.5
5026.1
5003.0
5046.6