171926.0
8870.1
8645.8
8138.7
8137.0
8022.5
8662.5
8352.0
8651.0
8748.5
8268.4
8275.5
7628.4
8401.2
7617.0
5621.7
7375.5
7826.3
7878.3
8180.9
6482.8
8280.0
8384.5
9046.6
9031.1
9033.2
6926.1
8292.7
8689.2
8213.0
8920.9
9044.2
8137.7
7549.3
7807.7
7916.5
8049.5
7936.0
7488.5
7776.7
8164.9
8412.6
8663.9
8420.7
8354.2
8571.6
8787.6
8330.1
8652.2
8104.3
8230.0
7941.0
7813.0
8342.7
8323.9
7061.2
7479.0
7741.5
8662.2
8577.8
8749.0
9054.7
8565.7
8200.9
8164.2
8182.0
8241.4
8239.3
8238.6
8248.6
8239.0
8211.4
8255.5
8198.0
8202.8
7811.1
7749.3
7310.9
9597.5
9650.2
9432.3
8499.9
8185.9
8161.3
8014.9
8756.4
8244.3
8223.1
6188.4
6280.9
6216.8
6028.7
6228.0
6067.3
6047.5
6190.5
6040.1
6065.1
6189.3
6058.5
6163.8
6069.9
6057.3
6122.4
6063.7
6190.8
6080.9
6017.2
6040.3
6117.1
6000.5
6151.7
6000.0
5988.1
5965.9
5941.6
5948.1
6105.7
5970.5
5991.5
5915.9
6115.9
5996.2
6012.4
6011.2
5986.0
5981.9
5973.1
5964.0
5975.5
5988.4
6012.4
5929.0
5950.0
6115.7
5991.0
5975.0
5953.3
6022.7
5967.9
5958.6
5995.3
5966.2
5974.5
5986.7
5978.6
5958.6
5987.9
6011.0
5522.7
5115.7
5090.2
5076.4
5130.3
5134.3
7876.4
5142.9
5112.9
6206.8
7699.3
5238.3
5110.5
5097.9
5059.5
5055.0
5065.0
5045.4
5037.5
5045.4
5058.8
5044.2
5023.2
5039.9
5036.8
5027.1
5011.1
5004.6
5019.9
5054.0
5036.4
5030.4
5017.0
5017.5
5062.6
5064.5
5077.4
5062.3
5040.2
4995.8
5042.8
5079.7
5138.6
5086.2
5147.2
5069.0
5091.4
5065.4
5103.8
5112.4
5097.2
5083.6
8262.9
5113.4
5112.2
5106.7
8260.5
5156.5
5110.7
5075.7
8217.6
5224.7
5135.3
5153.7
5096.9
5251.4
5116.0
5083.8
5107.4
5119.1
5143.6
5107.2
5110.7
5125.0
5078.3
8380.4
5240.7
5222.3
5233.3
5209.0
5590.2
5179.2
5126.5
5174.6
5119.8
5079.5
5117.7
5137.2
5091.7
5179.2
5124.3
5120.8
5126.7
8243.6
5142.0
5165.8
5149.8
5139.6
7514.2
6135.7
6258.7
6073.7
6077.8
6104.5
6204.6
6151.9
6091.4
6143.6
6137.1
6112.3
6116.2
6113.5
6191.7
6087.3
6104.5
6061.6
6081.3
6106.6
6078.7
6057.7
6031.3
7162.8
6309.7
6112.1
6063.5
6136.2
6122.8
6185.5
6232.5
6101.4
6203.7
6207.0
6196.5
6242.0
6156.2
6148.1
6141.7
6122.1
6125.7
6116.9
6095.4
6100.9
6402.0
6190.3
6459.5
6220.8
6242.8
6250.1
6217.5
6200.1
6150.5