670820.0
4850.9
5519.2
13064.1
7520.9
4691.1
2148.9
2706.1
2136.2
2146.0
2476.9
2142.0
2139.1
2193.9
2335.1
2133.1
2126.9
2134.1
2119.1
2380.1
2124.1
2182.0
2127.9
2136.0
2140.0
2543.9
2144.1
2113.1
2111.0
2140.0
2139.1
2131.9
2409.0
2142.9
2123.1
2130.0
2125.0
2159.1
2111.0
2107.1
3150.0
2138.9
2147.9
2123.1
2132.9
2132.2
2135.0
2129.1
2150.1
2805.0
2164.1
2126.0
2120.0
2131.9
2122.9
2136.0
2123.8
2122.9
2176.0
2591.1
2154.1
2137.9
2142.2
2138.9
2122.9
2150.1
2144.1
2128.1
2116.0
2135.0
2712.0
2125.0
2111.0
2126.0
2126.0
2175.1
2136.9
2118.8
2129.8
2117.9
2126.0
2126.9
2733.9
2133.8
2142.0
2146.0
2192.0
2140.0
2084.0
2056.8
2069.0
2070.0
2063.0
2059.0
2073.0
2812.1
2120.0
2066.1
2058.0
2110.0
2073.0
2078.1
2051.1
2050.9
2067.8
2056.8
2084.0
2040.9
2048.0
3069.9
2067.8
2055.9
2070.0
2110.0
2096.9
2073.0
2056.1
2075.0
2061.1
2064.0
2086.2
2100.9
2049.0
2073.0
3297.1
2073.0
2047.1
2060.9
2050.2
2060.9
2108.1
2061.1
2058.0
2058.0
2057.1
2050.9
2054.9
2084.0
2109.1
2070.0
2885.8
2073.0
2056.8
2049.9
2066.1
2049.9
2073.0
2073.0
2052.1
2059.9
2070.9
2064.9
2075.9
2103.1
2070.0
2059.0
2067.8
2867.0
2077.1
2075.0
2092.1
2076.1
2054.0
2131.9
2069.0
2075.0
2081.9
2074.0
2059.9
2068.0
2108.1
2065.9
2075.0
2081.9
2055.9
3546.0
2080.0
2073.0
2077.1
2055.9
2067.8
2104.0
2078.1
2063.0
2085.2
2081.9
2080.9
2068.0
2082.1
2054.9
2086.2
2080.0
2062.1
2068.0
2990.0
2126.0
2112.2
2064.9
2080.2
2063.0
2078.1
2065.9
2090.0
2095.0
2100.0
2067.8
2088.8
2070.0
2128.1
2080.9
2071.1
2134.8
2072.8
2080.9
3101.1
2068.0
2064.0
2062.1
2076.1
2079.0
2075.0
2076.1
2064.9
2104.0
2120.0
2048.0
2070.9
2126.9
2074.0
2069.0
2090.0
2064.0
2084.0
2135.0
2096.9
3492.8
2071.9
2064.2
2136.0
2065.9
2113.8
2056.8
2115.0
2066.9
2064.0
2059.0
2069.0
2075.9
2120.0
2080.9
2095.0
2108.8
2116.0
2106.0
2125.0
2071.1
2091.9
3065.1
2082.1
2080.9
2080.0
2129.1
2058.0
2075.0
2105.0
2087.8
2072.8
2060.9
2062.1
2079.0
2070.2
2070.9
2080.2
2080.9
2064.9
2070.9
2057.1
2064.9
2066.1
2080.0
3982.1
2091.9
2063.0
2075.2
2116.9
2064.0
2071.9
2095.9
2085.9
2064.9
2127.2
2078.1
2094.0
2062.1
2069.0
2059.0
2066.1
2074.0
2059.9
2128.8