2108017.7
2748.3
2378.0
2390.1
2369.2
2347.2
2435.7
2352.0
2409.5
2371.1
2365.4
2358.0
2332.4
2336.0
2362.3
2334.4
2351.0
2352.0
2362.7
2351.0
2394.2
2332.0
2352.0
2353.7
2336.0
2391.8
2369.2
2342.0
2346.5
2332.2
2339.4
2334.6
2364.9
2345.3
2328.6
2327.9
2355.6
2325.5
2385.6
2376.8
2347.9
2325.1
2340.6
2321.2
2318.1
2325.3
2329.8
2329.8
2365.6
2348.4
2323.2
2356.8
2330.5
2353.2
2381.8
2343.7
2337.2
2342.0
2371.3
2392.8
2388.0
2408.7
2401.8
2362.7
2352.0
2343.7
2350.1
2402.5
2349.6
2379.2
2383.5
2347.0
2340.8
2329.3
2322.2
2328.6
2348.4
2337.2
2353.7
2330.5
2322.9
2357.0
2380.8
2380.4
2327.4
2321.2
2346.5
2353.2
2322.4
2319.6
2345.1
2366.8
2363.0
2345.1
2319.8
2334.6
2343.2
2326.7
2336.5
2354.9
2392.3
2327.0
2358.2
2333.6
2339.6
2322.7
2346.5
2350.6
2352.2
2341.7
2435.7
2402.1
2393.2
2488.1
2389.9
2390.9
2344.1
2346.8
2360.6
2349.9
2354.9
2357.7
2348.4
2424.0
2304.3
2281.9
2305.7
2270.7
2297.2
2285.7
2264.3
2259.5
2255.4
2265.2
2281.9
2261.4
2261.6
2271.9
2292.6
2360.6
2312.7
2308.8
2323.4
2341.5
2304.3
2362.0
2376.1
2356.1
2319.6
2315.8
2282.1
2264.5
2333.9
2287.1
2263.5
2232.8
2284.5
2265.7
2268.8
2278.8
2309.6
2257.3
2294.1
2268.1
2258.3
2260.2
2239.5
2280.5
2267.4
2262.1
2267.6
2281.4
2272.8
2267.8
2278.3
2260.7
2244.9
2260.9
2252.6
2229.2
2263.8
2309.6
2260.7
2290.5
2281.2
2271.7
2288.3
2246.9
2308.8
2286.2
2252.3
2292.6
2288.8
2277.1
2257.8
2286.4
2289.5
2283.8
2282.6
2296.0
2284.5
2251.4
2264.0
2286.9
2268.8
2275.9
2273.3
2268.6
2270.5
2294.5
2296.7
2270.5
2271.9
2275.0
2285.0
2261.9
2263.8
2264.0
2270.5
2291.7
2271.2
2276.2
2252.3
2271.2
2250.4
2298.6
2287.4
2273.8
2269.5
2261.4
2252.8
2252.1
2287.9
2265.0
2271.4
2267.6
2263.8
2305.7
2255.2
2340.1
2328.6
2331.5
2294.1
2274.8
2284.8
2321.2
2286.7
2270.9
2271.2
2293.6
2314.6
2300.0
2332.9
2335.1
2319.1
2323.4
2359.4
2289.5
2298.6
2321.7
2309.1
2267.4
2282.1
2260.9
2268.1
2300.0
2284.8
2277.9
2251.4
2332.9
2289.3
2262.6
2281.2
2291.7
2274.5
2267.6
2272.4
2287.1
2249.7
2294.3
2289.3
2261.9
2260.4
2292.9
2268.6
2270.5
2275.7
2268.6
2255.4
2261.4
2244.5
2297.4
2264.7
2251.9
2265.9
2281.4
2263.8
2252.1
2287.1
2301.7