5610361.8
31289.8
2605.4
2394.2
2240.9
2175.8
2160.8
2171.5
2154.4
2147.0
2176.8
2191.5
2159.6
2172.2
2176.8
2164.8
2225.4
2171.5
2176.3
2188.7
2172.0
2162.0
2157.9
2160.8
2194.9
2166.3
2152.4
2144.3
2188.0
2174.9
2162.2
2186.1
2184.4
2221.8
2162.2
2180.8
2160.8
2197.3
2159.8
2164.1
2189.9
2158.2
2156.0
2162.7
2171.8
2194.6
2215.1
2160.8
2171.3
2166.7
2162.9
2163.6
2191.5
2161.5
2165.6
2159.4
2171.0
2162.0
2163.2
2172.9
2213.2
2158.4
2166.5
2197.3
2207.5
2162.7
2162.0
2161.0
2162.0
2162.5
2164.4
2176.5
2148.4
2160.3
2163.2
2185.3
2157.7
2152.7
2149.8
2148.2
2165.3
2168.4
2231.1
2206.6
2165.1
2162.7
2171.5
2183.9
2170.1
2174.6
2170.3
2161.5
2187.0
2201.3
2178.0
2187.3
2156.3
2186.8
2164.1
2152.4
2166.3
2191.8
2168.2
2170.1
2191.8
2157.0
2136.9
2114.8
2080.0
2104.8
2104.5
2085.7
2097.1
2104.3
2080.2
2106.9
2090.9
2098.8
2100.0
2081.2
2098.3
2104.3
2106.4
2178.9
2155.8
2209.4
2119.8
2116.2
2100.0
2122.9
2135.0
2111.0
2099.3
2114.5
2094.0
2147.4
2092.4
2106.9
2102.4
2097.6
2131.5
2121.0
2085.7
2162.5
2122.9
2086.2
2112.4
2094.3
2083.3
2106.7
2104.3
2098.6
2083.1
2112.4
2114.1
2094.7
2145.5
2090.9
2112.6
2091.2
2092.6
2084.3
2083.5
2088.5
2098.8
2083.8
2099.5
2147.0
2083.5
2076.1
2104.8
2144.3
2087.6
2121.4
2093.6
2121.9
2137.9
2092.6
2096.2
2101.9
2092.6
2164.1
2080.9
2119.5
2096.2
2162.9
2091.9
2101.4
2133.6
2104.8
2090.9
2088.5
2128.6
2102.9
2120.3
2095.0
2153.9
2099.8
2122.4
2092.4
2151.3
2102.9
2113.3
2130.5
2111.0
2158.9
2108.8
2106.0
2114.8
2114.8
2090.2
2117.9
2091.9
2089.5
2099.5
2105.7
2104.3
2125.7
2113.6
2102.9
2107.1
2091.4
2083.3
2104.5
2110.2
2120.7
2091.9
2121.0
2092.1
2119.3
2088.3
2103.6
2092.8
2092.8
2086.2
2111.4
2092.6
2106.9
2119.5
2100.9
2111.9
2096.4
2109.3
2090.7
2101.4
2094.5
2093.1
2098.3
2094.5
2165.3
2098.6
2111.0
2099.3
2135.0
2094.0
2148.9
2088.5
2101.7
2090.5
2119.8
2188.7
2225.4
2132.2
2138.6
2125.0
2114.5
2131.9
2111.7
2113.1
2083.5
2086.2
2106.4
2096.4
2106.2
2111.9
2109.1
2089.7
2088.8
2099.3
2117.4
2100.5
2095.9
2100.2
2112.9
2129.6
2084.7
2142.9
2118.3
2080.2
2092.8
2097.4
2134.3
2107.9
2098.1
2100.2
2101.7
2091.6
2094.3
2117.9
2087.4