2772471.7
32975.0
2647.4
2497.7
2438.8
2359.6
2311.2
2266.4
2252.6
2251.1
2220.2
2219.4
2185.3
2194.4
2215.6
2206.3
2176.8
2202.5
2198.2
2188.4
2165.6
2188.0
2186.3
2194.2
2171.8
2169.1
2184.6
2171.8
2188.7
2181.1
2234.5
2216.3
2167.9
2186.3
2182.2
2173.4
2167.5
2206.6
2194.4
2192.5
2198.5
2187.7
2188.7
2173.4
2194.4
2203.2
2188.0
2175.8
2170.3
2184.9
2174.9
2174.1
2175.8
2183.4
2183.9
2188.9
2176.0
2245.9
2236.4
2199.9
2231.6
2174.1
2186.3
2167.9
2175.1
2166.3
2188.2
2200.8
2179.1
2162.9
2163.2
2167.9
2174.6
2184.2
2281.7
2257.3
2273.8
2283.6
2246.1
2271.7
2261.2
2247.6
2234.0
2219.0
2202.5
2199.6
2198.7
2194.6
2192.7
2180.8
2166.7
2231.6
2223.3
2168.2
2218.5
2176.3
2198.0
2238.8
2157.9
2170.3
2170.8
2173.2
2181.8
2237.6
2196.3
2239.5
2183.4
2196.6
2175.8
2174.1
2164.8
2174.4
2172.2
2187.7
2161.5
2173.9
2163.6
2174.1
2192.7
2212.0
2149.3
2114.1
2128.1
2132.4
2139.3
2088.1
2102.1
2103.3
2161.7
2111.0
2135.5
2092.4
2092.1
2097.8
2123.6
2123.6
2129.1
2100.2
2096.4
2121.2
2097.8
2106.2
2087.4
2099.8
2087.8
2108.8
2151.0
2092.8
2107.6
2131.9
2092.4
2147.2
2114.8
2087.1
2115.5
2130.7
2103.3
2108.3
2086.6
2095.9
2099.8
2121.0
2095.7
2082.8
2117.6
2130.7
2111.4
2102.6
2105.5
2166.5
2117.4
2100.9
2116.0
2115.7
2132.7
2125.3
2127.2
2100.5
2094.5
2111.4
2128.8
2109.1
2111.9
2108.8
2153.9
2168.4
2126.2
2132.4
2117.4
2126.0
2116.2
2127.4
2129.6
2096.2
2100.0
2094.5
2114.1
2101.4
2114.1
2118.3
2154.1
2129.1
2137.2
2110.5
2114.8
2133.6
2108.8
2129.6
2096.9
2104.3
2129.8
2129.6
2089.0
2092.4
2104.0
2106.4
2097.6
2113.1
2082.6
2086.6
2084.5
2090.9
2111.2
2128.1
2108.3
2104.0
2162.2
2109.8
2109.8
2145.8
2093.3
2127.6
2159.8
2121.9
2130.7
2128.4
2108.3
2093.8
2100.0
2098.8
2102.9
2107.4
2099.5
2081.4
2094.0
2090.5
2109.3
2105.0
2090.9
2120.7
2122.9
2099.0
2091.2
2092.8
2112.2
2090.0
2094.7
2108.6
2131.0
4377.1
2202.5
2195.8
2311.9
3109.2
2297.4
2305.5
2305.5
2293.3
2258.3
2290.7
2316.7
2313.4
2259.3
2260.9
2261.6
2267.8
2283.8
2286.0
2142.2
2176.8
2118.3
2144.3
2272.8
2293.8
2251.1
2296.7
2310.0
2272.8
2255.2
2270.5
2370.8
2269.3
2262.8
2262.4
2272.8
2313.1
2264.3
2251.6
2263.8
2250.4