3571194.2
9284.0
1349.2
458886.1
6431.1
4691.1
2677.9
2147.9
1274.1
2037.0
1314.2
1282.9
1936.9
1313.9
1331.8
1276.0
1853.9
1318.9
1292.0
1298.2
1283.9
1883.0
1284.1
1285.1
1276.0
1298.0
1293.9
2411.1
1309.9
1300.8
1273.9
1275.1
1316.1
1297.0
1944.1
1268.1
1288.9
1288.9
1282.0
1268.9
1289.1
1282.0
1886.1
1318.9
1266.0
1282.9
1279.1
1287.9
1287.0
1287.9
1300.1
1896.9
1274.8
1285.8
1264.8
1315.1
1277.9
1283.2
1265.0
1283.9
1276.0
1881.8
1271.0
1284.8
1281.0
1288.9
1283.2
1286.0
1293.9
1267.9
1296.0
1281.0
1852.0
1283.2
1306.1
1286.0
1282.9
1274.1
1343.0
1272.9
1274.1
1265.0
1262.9
1313.2
1869.0
1290.1
1272.9
1278.9
1327.0
1272.2
1274.8
1299.1
1271.0
1282.0
1259.8
1288.9
1341.1
1869.0
1273.2
1279.1
1281.0
1278.9
1283.9
1266.0
1277.2
1272.9
1272.0
1276.0
1276.0
1307.0
1282.0
1879.0
1277.9
1278.9
1270.1
1234.1
1241.0
1246.2
1236.0
1241.0
1242.2
1256.9
1248.1
1254.1
1242.9
1242.9
1928.1
1250.0
1238.1
1238.1
1255.0
1241.0
1285.1
1231.0
1238.1
1267.0
1244.1
1249.1
1250.0
1238.1
1254.1
1231.9
1231.2
1243.8
1272.9
1251.9
1290.8
1255.0
1848.0
1270.1
1240.0
1267.9
1252.9
1243.1
1245.0
1244.1
1244.1
1246.9
1250.0
1236.0
1245.0
1237.2
1241.0
1250.0
1256.9
1256.0
1885.9
1241.0
1231.9
1234.8
1241.9
1264.1
1236.9
1285.8
1269.8
1258.9
1238.1
1251.0
1244.1
1303.0
1236.9
1269.1
1250.0
1239.1
1234.1
1245.0
1234.1
1234.1
1238.1
1235.0
1250.0
1245.0
1889.9
1230.0
1259.1
1246.9
1287.0
1242.2
1256.9
1249.8
1241.0
1269.1
1293.9
1237.9
1263.1
1234.1
1245.0
1240.0
1238.1
1239.1
1231.0
1260.0
1247.2
1241.0
1305.1
1239.1
2052.1
1236.0
1253.1
1252.9
1246.0
1236.9
1278.9
1240.0
1267.2
1251.0
1267.0
1247.2
1251.0
1248.1
1239.1
1267.0
1239.1
1239.1
1253.1
1253.1
1252.9
1255.0
1245.0
1264.8
1249.1
1252.2
1251.9
1918.1
1245.0
1236.0
1308.0
1233.1
1236.9
1263.9
1242.2
1241.0
1262.2
1267.0
1256.9
1257.2
1312.0
1278.9
1249.8
1240.0
1271.0
1245.0
1266.0
1270.1
1254.1
1243.1
1273.9
1254.8
1237.9
1273.2
1251.0
1269.1
1945.0
1271.0
1266.0
1241.9
1256.0
1250.0
1256.9
1253.8
1236.0
1247.9
1261.0
1241.9
1276.0
1256.0
1247.9
1263.9
1260.0
1261.2
1253.8
1267.2
1267.9
1242.2
1299.9
1308.9
1261.0
1258.1
1231.0
1310.1