587603.1
9383.0
1354.0
13971.8
4975.1
3403.2
2358.0
2059.0
1313.9
1962.2
1323.9
1271.0
1962.2
1287.0
1286.0
1272.9
1956.0
1287.9
1288.2
1313.9
1305.1
2013.9
1278.9
1285.1
1344.9
1313.9
1274.1
1985.1
1281.0
1276.0
1336.1
1288.9
1280.1
1284.1
1997.0
1284.1
1303.0
1272.0
1303.9
1289.1
1282.9
1271.0
1967.0
1275.1
1266.0
1310.1
1287.0
1285.1
1294.1
1318.9
1307.0
1972.9
1298.2
1292.9
1285.1
1280.1
1280.1
1321.1
1281.0
1294.9
1279.8
1956.0
1293.9
1301.1
1272.0
1274.8
1284.1
1277.9
1292.9
1310.1
1289.8
1279.8
1973.2
1302.0
1285.1
1278.2
1273.9
1286.0
1307.0
1309.2
1291.0
1276.0
1303.0
1336.8
1947.9
1286.0
1304.1
1283.9
1283.9
1286.0
1298.0
1289.8
1308.0
1309.9
1273.9
1307.0
1279.1
1999.1
1287.0
1267.9
1282.0
1272.9
1294.1
1281.0
1273.2
1291.0
1303.9
1288.9
1348.0
1277.0
1271.0
2142.9
1276.0
1275.1
1349.0
1271.0
1308.9
1270.1
1286.0
1310.1
1296.0
1355.9
1287.0
1290.1
1278.9
1303.9
2486.0
1278.9
1277.2
1313.0
1292.0
1285.1
1347.1
1274.1
1292.9
1294.1
1281.0
1274.1
1277.9
1285.1
1294.1
1292.9
1299.1
1328.9
1266.0
1336.1
1277.0
1277.2
2296.9
1287.0
1288.9
1332.0
1286.0
1320.1
1263.9
1262.9
1276.0
1287.0
1252.9
1246.9
1248.1
1239.1
1253.1
1263.9
1274.8
1247.9
2195.1
1243.1
1251.0
1264.1
1244.1
1240.0
1256.0
1266.0
1255.0
1235.0
1309.9
1250.0
1251.0
1236.0
1242.9
1272.0
1245.0
1235.0
1306.1
1255.0
1248.1
1246.0
1251.9
1244.8
1252.9
1246.0
2134.8
1244.1
1258.9
1246.0
1244.1
1254.1
1241.9
1254.1
1247.9
1251.9
1251.9
1253.8
1239.1
1261.0
1236.0
1246.9
1254.1
1245.0
1296.0
1254.1
1266.0
1254.1
1241.0
1296.0
2098.1
1232.1
1246.0
1306.1
1246.0
1306.1
1245.0
1261.0
1249.1
1250.0
1263.1
1241.9
1258.1
1269.1
1273.9
1247.9
1241.0
1250.0
1256.9
1272.0
1241.9
1248.1
1254.1
1255.0
1272.0
1248.1
1253.8
2074.0
1308.0
1260.0
1260.0
1253.1
1257.9
1258.9
1241.0
1269.8
1243.8
1246.0
1255.0
1271.0
1266.0
1272.0
1233.8
1248.8
1275.1
1247.2
1240.0
1244.1
1251.9
1265.0
1270.1
1246.9
1251.0
1246.0
1251.0
1247.9
2970.2
1289.8
1251.9
1250.0
1266.0
1246.0
1258.1
1257.9
1246.9
1264.1
1236.0
1281.0
1292.0
1256.0
1251.0
1245.0
1255.0
1307.0
1249.1
1251.9
1287.0
1303.9
1272.2
1245.0
1312.0
1252.9
1251.2
1260.0