50509.0
1400.0
1327.3
1242.5
1210.3
1206.6
1226.5
1176.6
1195.3
1195.7
1189.2
1223.1
1194.2
1167.5
1161.4
1164.4
1218.1
1191.6
1171.5
1168.9
1147.4
1206.7
1162.9
1170.3
1173.4
1148.7
1149.2
1198.7
1186.3
1177.6
1172.5
1173.8
1170.3
1195.6
1192.1
1178.8
1184.4
1150.4
1196.1
1166.5
1144.1
1147.5
1179.9
1173.8
1193.8
1204.3
1144.9
1172.5
1147.7
1195.0
1177.2
1193.2
1174.4
1182.0
1185.0
1203.4
1213.4
1147.0
1183.1
1154.1
1193.6
1167.9
1156.5
1179.7
1174.4
1151.1
1193.9
1191.3
1181.7
1184.1
1166.3
1201.5
1221.3
1196.2
1192.5
1193.7
1203.1
1211.1
1159.7
1167.3
1145.2
1146.1
1172.5
1195.9
1183.6
1188.5
1180.9
1151.4
1200.0
1191.9
1184.2
1175.8
1153.9
1176.7
1194.0
1151.2
1178.9
1176.4
1182.2
1205.7
1199.4
1176.8
1169.2
1200.6
1198.9
1218.4
1207.5
1198.7
1205.4
1200.0
1196.8
1170.7
1196.1
1174.1
1203.1
1198.7
1201.2
1173.7
1202.3
1201.3
1202.6
1175.5
1173.0
1174.4
1177.0
1197.1
1199.9
1204.3
1200.4
1168.5
1207.1
1203.4
1203.0
1214.6
1173.0
1203.2
1175.5
1200.3
1198.8
1201.2
1174.6
1202.9
1199.2
1172.8
1203.2
1211.8
1182.5
1196.5
1208.4
1178.5
1181.9
1225.3
1208.8
1173.5
1179.7
1208.7
1224.5
1174.5
1207.0
1204.3
1208.7
1205.5
1175.2
1200.5
1207.3
1199.8
1201.8
1175.2
1203.6
1205.7
1206.6
1175.1
1213.7
1197.6
1200.1
1224.4
1192.9
1225.3
1226.0
1194.2
1226.0
1224.8
1223.8
1222.5
1225.6
1226.1
1208.6
1201.3
1175.2
1189.9
1201.0
1217.5
1173.5
1197.9
1187.7
1212.8
1205.5
1199.5
1205.9
1222.6
1179.8
1204.3
1197.1
1206.9
1213.9
1196.9
1178.8
1184.6
1184.8
1207.0
1185.4
1173.8
1174.3
1182.6
1184.1
1178.2
1175.6
1176.9
1181.4
1175.3
1214.5
1186.8
1167.7
1191.5
1190.3
1199.8
1179.3
1186.1
1178.4
1193.4
1180.9
1182.1
1178.7
1180.6
1187.0
1183.7
1210.4
1185.5
1183.6
1183.4
1183.9
1206.4
1173.1
1179.1
1181.5
1176.8
1173.0
1180.8
1180.5
1174.2
1185.8
1196.6
1193.4
1188.1
1186.7
1186.1
1177.6
1207.2
1173.5
1186.2
1190.6
1182.3
1192.8
1178.9
1188.4
1189.8
1197.0
1185.9
1187.4
1191.3
1182.1
1190.4
1190.1
1189.5
1182.1
1177.6
1187.5
1173.9
1218.0
1182.7
1193.0
1183.9
1152.8
1183.3
1185.1
1179.4
1183.1
1199.6
1178.8
1206.8
1188.0
1174.2
1183.8
1184.7
1214.4
1187.5
1186.3
1193.1
1175.9
1219.5