48227.9
1405.2
1346.5
1250.2
1236.1
1266.2
1214.1
1216.7
1190.5
1220.5
1233.7
1204.8
1178.1
1208.7
1216.3
1241.5
1215.8
1183.8
1216.9
1216.4
1223.3
1187.1
1214.0
1207.4
1182.1
1179.7
1181.5
1149.2
1152.9
1181.0
1197.7
1151.8
1186.9
1171.8
1149.0
1191.7
1175.0
1173.8
1183.9
1189.2
1181.7
1204.9
1151.0
1180.6
1181.9
1179.5
1178.3
1205.3
1181.6
1145.9
1182.1
1183.6
1203.4
1179.4
1179.8
1176.1
1180.1
1204.7
1188.7
1176.3
1174.0
1153.8
1176.6
1171.9
1149.1
1171.4
1176.0
1151.8
1191.7
1179.9
1195.9
1182.3
1182.6
1156.9
1175.9
1194.9
1158.5
1180.4
1191.3
1210.1
1201.0
1161.9
1155.2
1157.1
1160.5
1177.4
1230.0
1230.8
1228.2
1227.6
1261.6
1234.0
1214.6
1215.5
1234.2
1214.0
1238.4
1239.5
1216.9
1180.7
1181.4
1183.0
1201.9
1179.1
1183.5
1191.2
1243.9
1251.5
1191.3
1187.7
1179.5
1175.8
1206.3
1177.9
1218.9
1200.7
1211.1
1209.2
1174.2
1204.2
1211.8
1199.7
1199.8
1220.3
1189.6
1206.0
1172.1
1198.0
1208.7
1216.1
1195.9
1163.8
1190.2
1175.9
1214.9
1211.9
1178.3
1180.5
1206.9
1205.2
1179.5
1172.5
1204.5
1212.4
1212.7
1180.4
1202.7
1175.7
1182.5
1221.0
1208.1
1174.8
1215.8
1207.1
1206.0
1206.0
1184.1
1196.3
1208.5
1215.6
1208.7
1202.0
1212.1
1180.3
1205.7
1205.9
1176.4
1179.1
1216.1
1206.1
1206.0
1203.8
1178.2
1188.4
1230.5
1214.9
1210.0
1176.7
1216.1
1210.0
1181.0
1202.7
1213.4
1216.8
1177.9
1241.8
1424.6
1239.6
1233.6
1204.4
1205.8
1207.7
1206.3
1200.1
1176.4
1210.5
1196.5
1205.8
1215.1
1182.9
1208.1
1213.8
1209.2
1182.1
1208.0
1202.6
1213.4
1206.4
1205.1
1178.0
1206.3
1213.3
1182.3
1176.9
1203.0
1175.7
1211.5
1180.4
1201.8
1179.3
1210.4
1184.9
1179.0
1175.5
1180.6
1180.3
1204.9
1179.0
1172.7
1218.4
1209.6
1199.1
1175.1
1205.7
1201.9
1172.5
1206.6
1176.1
1209.6
1208.0
1199.9
1207.6
1200.4
1200.6
1199.6
1204.3
1188.5
1179.7
1195.4
1180.2
1184.9
1183.1
1183.7
1181.7
1187.2
1180.3
1187.5
1191.4
1192.5
1171.2
1206.1
1201.5
1196.5
1185.3
1184.4
1182.8
1201.1
1184.5
1188.2
1174.1
1187.5
1182.2
1190.4
1186.0
1180.9
1174.8
1177.7
1151.7
1194.3
1188.5
1179.6
1183.4
1177.7
1184.8
1183.9
1191.3
1172.7
1178.3
1171.9
1195.4
1182.7
1176.6
1187.8
1171.8
1188.5
1171.8
1194.0
1185.0
1183.8
1185.9