1618609.7
1940.0
1589.8
1514.4
1514.7
1525.6
1569.3
1512.1
1546.1
1480.1
1512.8
1498.5
1493.2
1488.2
1489.9
1484.6
1514.4
1553.3
1499.2
1490.4
1503.7
1492.7
1494.9
1484.6
1546.6
1501.3
1562.8
1524.4
1513.7
1479.6
1493.9
1555.0
1491.1
1490.6
1549.5
1492.5
1551.9
1492.3
1563.1
1547.3
1493.5
1487.5
1487.0
1484.4
1515.2
1550.4
1511.6
1564.3
1493.5
1523.7
1481.3
1498.0
1549.2
1558.1
1475.3
1481.1
1515.9
1525.9
1481.8
1496.3
1549.7
1512.1
1484.4
1520.4
1521.8
1519.2
1493.5
1568.3
1489.2
1488.4
1484.9
1483.7
1489.6
1498.9
1500.8
1522.5
1483.9
1490.6
1504.7
1675.6
1552.1
1513.7
1518.2
1499.4
1498.2
1495.6
1492.0
1509.9
1476.8
1521.6
1509.0
1472.9
1486.1
1474.9
1485.8
1478.9
1494.9
1472.7
1475.6
1493.0
1482.5
1495.6
1485.1
1473.4
1489.2
1483.0
1526.1
1458.4
1468.9
1476.0
1463.9
1470.8
1486.8
1463.9
1457.2
1467.7
1479.4
1451.3
1499.4
1462.7
1473.9
1469.1
1465.3
1483.0
1488.9
1479.9
1469.1
1483.4
1479.9
1466.3
1461.5
1488.9
1486.3
1496.3
1483.4
1482.2
1475.8
1537.1
1460.6
1478.7
1469.4
1511.1
1480.6
1517.8
1486.3
1457.0
1480.6
1471.3
1476.8
1511.1
1502.5
1505.4
1462.0
1524.4
1467.5
1518.0
1503.9
1483.4
1455.8
1458.4
1502.0
1496.8
1483.4
1486.8
1465.1
1471.3
1478.7
1476.3
1477.7
1491.5
1466.3
1475.3
1475.3
1476.5
1466.0
1519.9
1488.2
1523.0
1534.9
1489.4
1482.5
1474.9
1522.1
1489.2
1474.9
1499.2
1458.9
1482.2
1462.0
1477.7
1475.3
1493.5
1488.9
1464.6
1518.7
1490.4
1527.3
1472.7
1483.2
1478.2
1471.5
1486.3
1491.8
1460.3
1460.8
1536.8
1460.3
1498.7
1475.8
1470.1
1456.0
1485.6
1505.4
1489.6
1477.7
1478.0
1457.2
1500.4
1465.3
1485.8
1519.0
1486.3
1462.5
1484.6
1489.9
1479.4
1474.6
1469.6
1503.9
1481.8
1456.0
1441.2
1479.4
1474.9
1473.4
1474.1
1464.1
1472.9
1448.9
1470.3
1505.4
1527.8
1458.6
1483.7
1473.9
1486.1
1473.9
1488.0
1507.5
1471.3
1476.0
1465.1
1481.1
1507.0
1502.0
1467.9
1458.9
1461.7
1521.8
1489.6
1484.4
1457.9
1514.2
1474.1
1505.1
1482.0
1481.8
1531.1
1475.3
1473.7
1503.2
1512.5
1479.6
1489.9
1500.4
1515.2
1483.0
1479.1
1530.2
1480.3
1529.9
1514.9
1469.4
1482.7
1478.9
1497.7
1466.8
1465.3
1490.1
1480.8
1474.6
1481.5
1503.7
1477.7
1509.0
1490.8
1490.6
1471.0
1453.6
1454.4