123211.6
3316.6
3071.5
3055.8
3075.4
3036.5
3049.6
3063.7
3035.8
3052.7
3064.2
3090.6
3027.2
3038.9
3069.4
3040.6
3038.2
3052.5
3035.8
3046.3
3036.7
3037.2
3018.6
3027.7
3022.7
3100.4
3030.3
3033.6
3067.0
3074.4
3063.2
3045.1
3068.9
3040.6
3039.8
3061.1
3050.3
3039.8
3032.4
3035.1
3101.1
3050.8
3029.1
3033.4
3062.5
3250.6
3039.6
3037.2
3039.6
3040.6
3048.2
3041.7
3027.9
3053.2
3060.6
3035.3
3040.3
3034.4
3066.1
3034.1
3077.3
3027.9
3042.2
3007.7
3049.6
3062.5
3034.4
3042.0
3023.6
3094.2
3049.9
3077.3
3036.3
3053.4
3086.3
3042.7
3017.4
3051.8
3027.7
3027.9
3047.5
3040.6
3022.0
3032.4
3072.0
3025.3
3061.8
3028.6
3056.8
3061.8
3033.2
3042.7
3020.3
3043.7
3036.5
3042.0
3042.0
3090.4
3030.5
3058.0
3037.2
3017.2
3038.2
3018.4
3027.7
3019.6
3035.3
3023.9
3031.0
3025.8
3038.2
3173.6
3079.7
3080.1
3058.0
3029.3
3055.8
3043.4
3040.3
3032.9
3051.3
3038.9
3058.7
3026.5
3065.1
3042.0
3045.6
3028.9
3041.3
3041.3
3025.3
3039.1
3023.9
3089.7
3080.6
3059.6
3020.3
3022.2
3053.4
3032.9
3035.1
3045.6
3044.6
3013.4
3043.4
3030.5
3057.0
3027.9
3032.4
3027.7
3030.8
3035.1
3032.7
3025.3
3031.0
3043.9
3024.1
3038.9
3037.9
3049.6
3036.3
3059.6
3083.2
3030.8
3010.7
3013.6
3033.4
3040.8
3036.3
3022.4
3016.7
3002.6
3057.7
3048.9
3047.9
3034.1
3087.0
3034.1
3029.1
3031.5
3022.4
3032.0
3020.3
3034.1
3039.1
3024.3
3025.8
3031.7
3028.2
3042.7
3042.7
3019.8
3031.5
3047.5
3030.8
3032.2
3014.6
3046.8
3042.2
3030.3
3029.6
3027.4
3067.0
3076.8
3037.5
3025.1
3035.3
3035.8
3049.1
3038.2
3045.8
3076.8
3021.0
3048.9
3042.5
3017.7
3011.0
3051.5
3052.2
4195.5
4288.9
3834.5
3090.4
3056.5
3037.2
3043.4
3214.1
3083.2
3022.9
3576.0
3133.8
3082.8
3058.9
3062.2
3296.9
3075.4
3058.9
3051.0
3090.4
3035.1
3053.9
3028.9
3033.4
3031.3
3023.6
3041.7
3061.3
3051.8
3099.0
3026.7
3009.6
3012.4
3021.0
3042.9
3016.2
3014.8
3030.1
3051.8
3018.4
3079.7
3050.3
3051.3
3103.7
3064.2
3095.6
3029.3
3050.6
3089.2
3033.9
3042.0
3042.5
3014.6
3050.8
3026.0
3022.4
3021.5
3048.4
3149.7
3031.0
3035.3
3032.9
3031.5
3017.7
3037.9
3033.4
3025.1
3054.1
3028.9
3045.6
3058.9
3036.0
3035.3
3135.7
3015.3
3017.2
3024.8
3023.1
3045.8
3023.9
3022.9