151800.6
3541.7
3285.9
3310.4
3297.1
3320.9
3316.6
3354.3
3354.8
3281.4
3266.8
3266.8
3286.8
3272.3
3292.3
3289.2
3250.6
3257.8
3276.1
3270.1
3276.8
3293.3
3259.4
3281.8
3280.6
3273.5
3281.6
3269.4
3272.1
3271.8
3256.3
3261.3
3243.7
3268.7
3262.3
3278.3
3305.2
3279.0
3269.2
3293.8
3267.5
3297.8
3283.7
3274.4
3279.9
3267.5
3260.9
3270.1
3263.0
3274.4
3282.8
3287.6
3261.6
3258.0
3263.0
3283.5
3326.7
3279.2
3273.2
3282.5
3283.5
3285.2
3255.6
3264.4
3271.3
3308.5
3285.4
3280.6
3293.3
3261.1
3284.5
3309.5
3249.4
3269.0
3268.0
3265.9
3258.9
3268.7
3276.8
3307.6
3276.1
3296.4
3264.0
3316.2
3287.1
3286.4
3282.8
3262.3
3255.4
3258.2
3259.2
3294.7
3265.1
3269.7
3268.5
3275.4
3279.7
3250.4
3269.0
3265.1
3270.9
3266.3
3265.9
3262.3
3295.4
3276.8
3270.4
3261.3
3283.7
3244.4
3268.7
3270.1
3277.8
3315.4
3260.6
3272.3
3333.3
3311.6
3260.6
3257.3
3260.1
3248.7
3304.2
3281.6
3283.3
3309.7
3280.9
3310.2
3260.4
3281.1
3265.4
3248.5
3285.9
3269.7
3266.8
3258.7
3248.5
3249.6
3245.1
3236.1
3233.4
3269.2
3272.3
3315.2
3332.1
3263.0
3295.2
3256.3
3268.5
3251.3
3253.9
3267.0
3292.6
3259.4
3263.0
3346.2
3289.2
3258.9
3257.3
3285.2
3322.6
3278.0
3293.8
3288.5
3296.4
3288.7
3253.2
3270.1
3281.6
3258.9
3272.8
3259.9
3311.4
3416.1
3334.8
3292.3
3272.8
3269.0
3341.2
3260.6
3320.9
3259.2
3260.6
3281.1
3341.0
3270.4
3289.5
3289.2
3295.4
3284.2
3289.2
3292.1
3289.2
3296.9
3272.3
3295.9
3326.7
3284.9
3335.5
3299.0
3356.2
3274.4
3270.9
3336.2
3275.2
3292.8
3263.0
3283.5
3269.2
3283.0
3247.0
3266.6
3277.1
3337.6
3270.6
3264.2
3267.3
3297.3
3292.1
3322.6
3291.4
3265.6
3273.7
3284.7
3276.6
3337.9
3289.7
3280.2
3258.0
3273.5
3312.8
3264.9
3267.0
3302.1
3287.3
3256.1
3244.9
3253.0
3254.7
3336.0
3298.3
3271.8
3260.4
3254.7
3275.4
3266.1
3263.2
3252.5
3259.2
3276.6
3245.6
3296.4
3259.9
3261.3
3326.2
3273.5
3302.1
3293.0
3268.0
3256.1
3261.3
3315.4
3276.8
3250.8
3295.2
3251.6
3294.9
3341.9
3305.2
3258.2
3295.9
3268.0
3243.4
3257.8
3262.0
3264.0
3265.9
3274.7
3320.9
3360.5
3417.5
3322.8
3336.4
3325.0
3300.4
3308.3
3301.4
3362.4
3300.4
3368.4
3327.8
3314.0
3301.9
3303.8
3334.0
3303.3
3254.9
3279.9
3309.0
3335.0