136447.7
3323.1
3079.7
3042.2
3080.8
3096.8
3045.1
3051.5
3017.2
3041.3
3064.4
3034.1
3053.2
3034.8
3091.1
3058.2
3033.2
3033.9
3030.3
3025.5
3038.2
3027.4
3025.5
3008.1
3025.5
3011.0
3140.9
3060.3
3068.9
3032.0
3024.1
3015.0
3061.8
3048.9
3048.4
3044.6
3033.9
3030.8
3049.4
3035.5
3033.9
3037.7
3027.7
3039.8
3036.0
3033.6
3076.8
3075.8
3063.0
3047.0
3030.3
3049.1
3040.6
3050.8
3030.5
3067.0
3036.0
3055.1
3027.4
3032.9
3023.9
3028.2
3036.7
3017.7
3014.6
3034.6
3026.5
3026.5
3022.4
3030.3
3033.2
3041.3
3026.5
3023.4
3034.8
3041.3
3046.3
3053.9
3039.4
3047.2
3029.1
3038.9
3026.0
3035.3
3050.6
3016.5
3044.4
3032.7
3022.4
3034.1
3019.3
3042.9
3036.7
3023.1
3013.8
3029.6
3031.5
3079.4
3054.1
3034.8
3027.9
3024.8
3036.5
3049.4
3027.4
3027.9
3097.3
3023.1
3023.1
3059.9
3042.2
3009.3
3040.3
3047.7
3048.4
3031.7
3036.3
3030.1
3018.6
3024.1
3038.4
3014.8
3096.1
3057.7
3061.3
3107.8
3031.0
3036.5
3070.6
3031.0
3045.6
3073.0
3040.8
3035.1
3030.3
3043.4
3106.1
3065.6
3027.7
3030.8
3021.7
3022.4
3433.5
3075.6
3029.8
3020.8
3026.5
3032.0
3039.1
3021.2
3031.0
3048.4
3063.0
3045.1
3029.6
3026.7
3019.1
3039.4
3024.6
3022.9
3058.2
3048.9
3031.3
3053.2
3015.5
3031.3
3040.1
3033.6
3023.1
3042.2
3051.8
3047.9
3034.1
3127.6
3038.2
3021.2
3012.9
3017.7
3012.9
3035.8
3054.4
3059.4
3039.1
3046.3
3056.3
3055.8
3022.4
3054.9
3030.8
3046.3
3041.7
3078.2
3029.8
3037.5
3077.7
3028.6
3047.7
3046.8
3015.3
3028.9
3035.3
3033.9
3057.5
3045.8
3047.7
3038.4
3058.4
3071.5
3036.7
3047.2
3038.9
3033.6
3067.7
3059.9
3047.2
3008.6
3019.1
3032.0
3045.1
3019.3
3028.6
3023.6
3025.5
3022.9
3022.2
3045.8
3037.2
3050.6
3031.0
3033.9
3057.2
3095.1
3097.8
3111.8
3029.6
3071.5
3047.0
3032.2
3069.4
3034.1
3027.4
3022.4
3006.5
3026.7
3017.2
3023.4
3066.5
3028.4
3038.4
3056.0
3099.7
3076.8
3044.6
3020.0
3068.7
3033.6
3021.7
3054.4
3021.7
3023.6
3031.5
3012.9
3023.9
3019.6
3022.7
3012.4
3029.6
3029.1
3051.8
3018.9
3031.0
3040.8
3021.7
3088.0
3031.3
3044.4
3023.9
3075.8
3076.1
3028.6
3031.7
3038.6
3095.4
3038.2
3034.8
3017.7
3049.4
3032.7
3041.5
3030.3
3030.8
3020.0
3035.8
3039.6
3048.4
3051.3
3032.0
3027.4
3047.7
3098.0