3569759.8
9353.9
1375.9
459115.0
7461.1
4488.0
2453.1
2057.1
1302.0
2532.0
1293.9
1272.0
1958.8
1314.9
1287.0
1303.9
2666.0
1339.0
1300.8
1317.0
1274.8
2724.9
1292.9
1278.9
1293.9
1270.1
1299.1
1992.0
1282.0
1303.0
1279.8
1279.1
1276.0
1339.0
1927.9
1291.0
1298.9
1296.0
1282.0
1262.2
1270.1
1329.9
1940.0
1285.1
1287.9
1288.9
1276.0
1271.0
1303.0
1291.0
1301.1
1948.1
1280.1
1304.1
1340.9
1272.9
1284.1
1277.0
1277.0
1289.1
1281.0
1951.9
1277.9
1272.0
1277.0
1272.9
1287.0
1281.0
1277.9
1277.2
1302.0
1316.1
1942.9
1275.8
1272.0
1293.9
1276.0
1274.8
1292.9
1300.1
1290.1
1283.9
1306.1
1282.0
1969.8
1272.0
1280.1
1269.1
1290.1
1282.9
1305.1
1268.1
1327.0
1282.0
1281.0
1274.1
1267.9
1939.1
1282.0
1267.9
1303.0
1282.9
1332.0
1241.9
1236.2
1268.9
1249.8
1236.9
1236.0
1273.9
1247.2
1987.9
1242.2
1262.9
1243.1
1234.1
1231.0
1243.1
1241.9
1236.9
1247.2
1246.0
1247.9
1261.9
1246.0
1256.0
2302.9
1277.0
1294.1
1270.1
1246.9
1248.8
1261.0
1243.8
1247.9
1242.2
1242.9
1237.9
1241.0
1233.8
1266.0
1303.0
1241.0
1308.2
1241.9
1253.1
1241.0
1244.1
2444.0
1239.1
1265.0
1238.1
1251.9
1240.0
1238.8
1237.9
1261.0
1257.9
1246.0
1242.9
1245.0
1234.1
1241.2
1242.9
1255.0
1246.9
2134.1
1240.0
1242.2
1220.0
1240.0
1234.1
1260.0
1240.0
1293.2
1245.0
1244.1
1241.9
1238.1
1236.9
1261.0
1260.0
1270.1
1251.0
1267.0
1250.0
1241.9
1247.9
1251.0
1293.9
1251.0
1264.8
2100.0
1243.8
1243.8
1238.8
1260.0
1244.8
1246.9
1261.0
1246.9
1308.9
1250.0
1251.9
1259.1
1245.0
1241.0
1258.1
1242.9
1236.0
1244.1
1236.9
1240.0
1269.1
1284.1
1262.9
2199.2
1249.1
1242.9
1247.9
1242.2
1249.1
1251.0
1280.1
1236.0
1238.1
1243.1
1252.9
1251.9
1264.1
1261.0
1269.1
1256.9
1254.1
1277.9
1249.8
1240.0
1245.0
1256.0
1238.1
1241.9
1256.0
1246.0
2834.1
1251.9
1271.0
1303.2
1242.9
1251.0
1246.0
1254.1
1252.9
1299.1
1252.9
1245.0
1248.8
1304.9
1257.2
1243.8
1276.0
1236.0
1242.9
1292.0
1236.0
1236.9
1247.2
1228.1
1287.0
1256.0
1236.0
1237.9
1250.0
2208.0
1234.1
1255.0
1246.0
1262.9
1236.9
1243.1
1242.9
1242.9
1290.1
1299.1
1241.0
1264.1
1247.9
1264.1
1240.0
1247.2
1231.9
1242.2
1255.0
1255.0
1259.1
1273.9
1243.1
1249.1
1300.1
1241.9
1257.2