3714353.1
9782.1
1369.0
482714.2
6465.0
4746.9
3160.0
2388.0
1321.1
1970.1
1299.1
1308.0
1934.1
1335.1
1272.9
1291.0
1926.2
1310.1
1277.0
1267.0
1297.0
1942.9
1275.1
1281.0
1280.1
1280.1
1275.1
1927.1
1278.2
1289.8
1280.8
1328.0
1261.9
1271.0
1944.1
1288.9
1279.1
1270.1
1297.0
1274.1
1277.0
1295.1
1936.9
1313.9
1292.0
1266.0
1280.1
1271.0
1277.0
1304.9
1273.9
1938.8
1339.0
1270.1
1298.0
1338.0
1279.8
1289.8
1304.1
1275.1
1313.0
1923.1
1286.0
1276.0
1272.2
1274.8
1283.9
1310.1
1287.9
1271.0
1284.8
1279.8
2001.0
1284.8
1282.0
1275.1
1302.0
1291.0
1282.0
1352.1
1288.9
1287.9
1272.9
1297.0
1962.9
1275.1
1309.2
1271.0
1283.2
1278.9
1293.9
1304.1
1262.9
1281.0
1277.0
1313.9
1317.0
1972.0
1283.9
1292.9
1282.9
1298.9
1279.1
1285.1
1268.9
1310.8
1283.2
1277.9
1281.0
1287.0
1272.9
1927.1
1256.9
1242.2
1239.1
1308.0
1249.1
1302.0
1248.1
1308.9
1266.0
1238.8
1268.9
1301.1
1248.1
1241.9
2192.0
1262.9
1258.9
1249.1
1232.1
1252.9
1254.1
1236.0
1268.9
1285.1
1303.0
1263.9
1247.2
1262.9
1267.9
1265.0
1261.9
1236.0
1241.9
1254.1
1288.2
1251.0
2068.0
1242.2
1245.0
1249.1
1232.9
1292.9
1256.9
1246.0
1235.0
1242.9
1268.9
1254.1
1257.2
1263.9
1256.9
1290.1
1253.8
1245.0
2311.9
1233.8
1238.8
1237.2
1257.9
1247.9
1255.0
1269.1
1250.0
1251.9
1238.1
1277.9
1241.0
1239.1
1251.0
1290.1
1243.8
1245.0
1241.0
1238.1
1258.9
1305.8
1247.9
1241.0
1261.0
1257.9
2019.9
1310.8
1274.1
1264.1
1243.8
1260.0
1247.2
1302.0
1251.9
1243.8
1231.9
1240.0
1266.0
1258.9
1240.0
1233.8
1247.2
1262.9
1267.9
1263.1
1241.0
1254.1
1259.1
1257.9
1967.0
1267.9
1233.8
1259.8
1261.0
1256.0
1256.9
1244.1
1236.0
1244.1
1249.1
1236.0
1242.9
1260.0
1243.1
1266.0
1245.0
1263.1
1261.0
1288.9
1246.0
1226.9
1256.0
1241.0
1265.0
1266.0
1242.2
2130.0
1246.0
1245.0
1237.2
1257.9
1267.0
1243.1
1297.0
1246.9
1287.9
1249.1
1235.0
1229.0
1267.0
1260.0
1252.2
1236.9
1251.0
1260.0
1230.0
1250.0
1246.0
1259.1
1272.0
1236.0
1241.0
1251.0
1250.0
1248.1
2658.8
1246.9
1304.1
1251.0
1241.9
1261.9
1237.9
1241.9
1245.0
1256.9
1241.9
1234.1
1241.9
1253.8
1300.8
1231.0
1233.1
1238.8
1255.0
1241.9
1247.2
1256.0
1275.1
1235.0
1259.1
1265.0
1240.0
1235.0