3487496.1
28932.3
1659.4
1461.0
1400.9
1369.5
1374.5
1431.2
1337.8
1350.6
1340.4
1337.5
1336.3
1343.0
1358.5
1365.4
1328.9
1343.5
1342.3
1322.3
1335.6
1331.1
1340.4
1337.1
1322.5
1332.5
1355.6
1344.7
1339.9
1332.3
1395.2
1329.9
1332.8
1332.3
1330.1
1314.4
1328.2
1353.5
1350.9
1335.4
1362.6
1325.6
1338.2
1333.5
1374.5
1332.3
1333.0
1351.8
1344.7
1357.3
1349.0
1327.0
1391.6
1321.3
1334.4
1356.4
1353.7
1356.8
1339.0
1343.7
1338.7
1326.6
1355.2
1340.2
1318.5
1356.6
1334.0
1321.1
1333.7
1328.2
1342.5
1349.2
1342.3
1329.2
1342.1
1327.3
1333.2
1333.5
1344.7
1331.8
1331.3
1325.8
1328.5
1368.3
1348.7
1361.1
1341.1
1335.4
1332.0
1359.2
1392.4
1360.2
1330.6
1329.9
1331.6
1345.6
1339.2
1340.9
1365.7
1343.7
1335.4
1328.7
1335.4
1332.3
1332.0
1339.7
1329.2
1325.8
1339.9
1327.8
1379.0
1325.6
1338.0
1326.6
1362.3
1359.5
1328.0
1326.3
1343.7
1331.1
1343.7
1331.1
1395.9
1348.5
1392.6
1358.5
1316.8
1335.4
1330.1
1332.3
1389.0
1374.2
1323.5
1378.5
1337.1
1330.9
1369.0
1326.1
1338.7
1320.6
1369.7
1345.9
1327.5
1320.6
1349.9
1326.1
1372.1
1339.2
1328.5
1336.6
1354.5
1334.4
1437.4
1336.3
1333.5
1324.7
1332.5
1335.4
1395.9
1344.2
1348.5
1353.0
1325.8
1331.8
1326.8
1322.0
1322.7
1326.3
1334.2
1352.5
1316.8
1329.9
1324.4
1344.2
1327.3
1332.8
1331.1
1395.0
1346.8
1385.0
1325.1
1393.6
1343.3
1357.1
1325.8
1321.6
1331.1
1359.0
1318.9
1349.2
1326.1
1336.1
1324.9
1341.3
1328.0
1324.7
1337.8
1277.9
1299.4
1323.7
1297.2
1339.2
1302.0
1280.5
1344.2
1293.2
1297.2
1299.1
1283.4
1284.6
1297.0
1283.4
1306.1
1285.1
1287.7
1293.7
1275.5
1309.9
1303.0
1286.0
1291.5
1336.1
1295.1
1278.4
1294.6
1336.3
1354.0
1292.0
1282.5
1295.3
1314.9
1281.7
1302.7
1314.6
1285.8
1283.4
1291.8
1283.6
1283.6
1313.0
1309.2
1301.1
1299.1
1285.3
1339.9
1292.5
1289.8
1288.9
1290.3
1358.0
1320.4
1318.5
1291.5
1298.9
1295.3
1283.9
1299.9
1303.4
1319.6
1310.3
1347.3
1296.0
1292.0
1289.6
1288.4
1288.7
1297.7
1346.6
1290.1
1298.0
1283.2
1296.0
1348.0
1293.4
1286.0
1302.5
1298.2
1292.9
1292.7
1298.7
1343.7
1325.6
1292.5
1284.6
1302.7
1301.8
1290.1
1288.9
1300.6
1348.3
1295.8
1297.2
1295.8
1293.4
1298.0
1323.7
1294.6
1334.7
1313.2
1295.3