1570842.7
1924.5
1535.4
1494.2
1513.0
1520.4
1564.5
1550.0
1493.0
1520.9
1492.3
1499.7
1490.6
1485.3
1498.0
1555.2
1499.4
1487.3
1555.9
1487.5
1493.9
1495.1
1495.6
1477.5
1507.5
1481.8
1479.1
1478.2
1495.1
1634.1
1485.8
1499.4
1510.9
1503.9
1484.4
1491.3
1492.7
1480.3
1493.9
1497.5
1654.4
1523.0
1513.2
1490.6
1488.7
1520.6
1496.3
1497.3
1507.8
1492.5
1495.8
1695.4
1508.0
1490.4
1476.3
1509.0
1503.7
1496.8
1483.7
1486.1
1554.7
1488.7
1646.0
1490.6
1470.8
1497.0
1512.3
1539.7
1504.9
1486.5
1494.4
1512.1
1482.0
1573.6
1481.1
1491.3
1499.4
1529.9
1509.7
1519.7
1513.0
1527.1
1474.6
1467.7
1586.4
1475.8
1511.1
1476.0
1501.6
1486.8
1526.6
1478.7
1509.4
1503.7
1509.4
1608.6
1491.3
1494.9
1493.5
1483.7
1494.6
1537.1
1523.3
1504.2
1478.9
1497.5
1624.8
1529.7
1485.3
1547.6
1506.3
1520.9
1508.2
1489.6
1505.9
1485.6
1486.1
1596.7
1483.9
1494.2
1498.2
1460.3
1491.5
1485.1
1487.5
1469.4
1511.1
1498.7
1623.2
1487.7
1534.0
1498.5
1521.8
1471.5
1494.4
1475.3
1472.0
1477.5
1472.2
1624.1
1484.2
1514.2
1499.9
1491.3
1485.6
1544.7
1534.9
1484.2
1503.9
1514.9
1668.2
1506.1
1511.6
1484.2
1545.7
1499.7
1482.7
1517.1
1497.0
1510.4
1470.1
1617.9
1487.5
1473.7
1502.8
1502.8
1492.7
1482.7
1477.2
1481.3
1561.2
1538.5
1619.3
1468.7
1540.2
1486.1
1507.0
1464.6
1499.4
1468.7
1517.5
1493.5
1479.6
1682.5
1462.9
1465.3
1447.7
1462.2
1462.0
1514.2
1512.3
1479.9
1470.1
1496.1
1658.7
1490.6
1484.9
1521.8
1495.4
1458.9
1475.6
1492.7
1475.1
1484.2
1466.5
1663.9
1448.9
1464.8
1464.8
1467.2
1464.4
1483.0
1527.1
1459.4
1459.8
1459.6
1610.8
1466.5
1473.7
1485.6
1461.3
1452.7
1458.2
1452.7
1480.6
1473.2
1486.5
1477.5
1516.1
1486.3
1486.5
1479.6
1471.3
1458.4
1465.1
1450.3
1447.7
1476.0
1477.2
1602.2
1511.1
1481.5
1513.7
1457.2
1473.4
1507.0
1485.8
1475.3
1518.5
1460.1
1618.6
1452.4
1453.9
1532.6
1466.3
1483.0
1528.5
1530.2
1461.0
1463.2
1468.4
1700.6
1463.7
1466.8
1531.4
1537.1
1463.9
1519.0
1444.6
1451.0
1507.8
1447.4
1649.4
1504.9
1493.7
1485.3
1471.5
1468.4
1479.9
1478.2
1534.2
1468.4
1465.3
1622.2
1527.3
1471.3
1473.9
1467.9
1485.3
1464.4
1475.1
1488.7
1461.7
1448.2
1574.3
1465.6
1507.3
1481.8
1446.7
1477.2