136836.5
3507.9
3294.7
3278.7
3274.2
3258.7
3231.5
3255.4
3230.3
3251.3
3249.2
3235.1
3240.6
3230.1
3227.5
3249.6
3212.2
3217.7
3233.0
3239.4
3260.1
3277.5
3259.4
3277.1
3258.2
3229.6
3239.9
3243.7
3248.2
3228.7
3292.6
3268.7
3216.5
3237.5
3259.2
3333.8
3241.1
3231.3
3270.6
3294.5
3265.4
3311.4
3241.3
3261.1
3256.3
3251.1
3253.2
3223.2
3241.3
3333.6
3237.2
3244.4
3259.4
3254.7
3333.6
3265.6
3237.5
3288.3
3229.4
3277.1
3246.1
3294.0
3227.0
3244.4
3303.8
3273.0
3274.4
3253.7
3231.8
3247.3
3248.5
3266.8
3225.8
3216.5
3287.3
3238.4
3259.7
3251.8
3226.0
3229.9
3262.5
3223.9
3284.7
3289.0
3304.5
3257.3
3292.3
3245.8
3224.8
3240.6
3264.0
3250.8
3336.0
3333.1
3321.9
3317.8
3311.6
3286.1
3271.8
3258.9
3287.3
3233.2
3249.9
3237.7
3248.0
3231.3
3253.0
3225.1
3235.6
3246.5
3246.1
3221.0
3255.1
3229.6
3300.7
3227.0
3272.5
3255.6
3270.6
3219.1
3236.5
3227.2
3227.9
3229.4
3215.1
3218.7
3238.7
3210.5
3226.0
3217.7
3230.1
3235.3
3222.5
3268.0
3233.4
3256.1
3223.9
3221.8
3246.5
3229.1
3246.5
3285.9
3246.5
3234.6
3208.9
3224.1
3217.9
3230.8
3246.5
3281.4
3250.1
3254.7
3252.0
3286.8
3243.2
3297.6
3284.5
3238.7
3266.8
3227.0
3223.7
3248.0
3264.0
3224.8
3209.4
3236.3
3287.3
3284.0
3274.0
3234.6
3291.6
3223.2
3255.6
3228.9
3256.1
3217.9
3226.3
3240.8
3248.2
3241.1
3220.3
3228.2
3235.1
3231.0
3210.3
3244.9
3226.3
3241.5
3221.5
3256.6
3233.4
3231.5
3217.0
3225.8
3246.1
3269.7
3225.1
3205.5
3212.0
3219.8
3213.9
3231.8
3223.7
3286.4
3227.0
3235.8
3226.8
3239.2
3248.2
3240.3
3227.5
3255.8
3254.2
3249.6
3254.9
3252.3
3246.1
3246.3
3257.0
3228.4
3252.3
3254.4
3241.3
3254.4
3258.9
3289.0
3261.8
3248.5
3211.0
3226.0
3231.8
3241.1
3306.9
3231.8
3238.2
3239.9
3244.9
3221.5
3240.8
3265.4
3222.2
3242.5
3266.1
3233.9
3235.6
3251.3
3236.5
3248.9
3257.5
3214.8
3219.8
3260.9
3234.1
3230.1
3222.9
3261.3
3223.7
3214.1
3229.9
3242.7
3232.7
3237.5
3245.6
3269.7
3225.6
3229.1
3229.1
3227.0
3232.5
3258.5
3234.6
3259.9
3233.0
3218.4
3213.6
3217.2
3215.1
3244.4
2991.9
2950.2
2865.8
2833.4
2836.2
3012.2
2922.5
2860.8
3017.2
2861.3
2795.0
2792.4
2773.5
2759.0
2774.7
2787.1
2768.3
2772.8
2766.8
2775.4
2774.2
2832.7