548924.0
9002.0
1363.0
13245.1
4685.9
3026.0
2168.9
1835.8
1281.0
1766.0
1280.1
1268.1
1800.1
1297.0
1302.0
1279.1
1763.1
1349.9
1310.8
1328.9
1287.9
1799.1
1281.0
1280.1
1314.2
1313.0
1280.1
1776.0
1299.1
1279.1
1341.8
1277.0
1282.0
1278.2
1828.0
1309.2
1293.9
1288.2
1298.0
1296.0
1274.1
1286.0
1777.9
1282.2
1278.9
1276.0
1277.9
1281.0
1282.0
1295.1
1328.9
1782.9
1281.0
1288.2
1289.8
1293.9
1283.2
1281.0
1277.0
1285.1
1282.0
1818.2
1282.9
1297.0
1296.0
1301.1
1318.9
1346.1
1344.0
1274.1
1272.0
1298.0
1786.0
1308.9
1292.9
1292.9
1324.2
1276.0
1267.0
1266.0
1275.1
1337.1
1281.0
1270.1
2150.1
1277.9
1282.0
1298.9
1277.0
1307.0
1298.9
1270.1
1297.0
1278.9
1285.1
1272.0
1286.0
1972.0
1282.0
1276.0
1298.2
1279.8
1299.9
1298.2
1275.1
1296.0
1271.0
1298.0
1267.9
1295.1
1286.0
1883.0
1295.1
1273.9
1273.9
1301.1
1294.1
1276.0
1280.1
1287.9
1282.2
1282.0
1270.1
1299.9
1280.8
1264.8
1900.0
1272.9
1294.9
1277.2
1272.9
1275.1
1282.0
1273.2
1291.0
1320.1
1307.0
1296.0
1278.9
1278.9
1276.0
1299.1
1268.9
1276.0
1274.8
1274.1
1276.0
1315.1
1879.0
1288.2
1288.9
1307.0
1277.2
1344.9
1339.0
1289.8
1302.0
1261.0
1299.9
1275.1
1311.1
1295.1
1287.0
1277.0
1285.8
1274.8
2364.9
1277.0
1275.8
1312.0
1292.9
1305.1
1313.0
1277.0
1268.9
1287.9
1272.0
1285.1
1282.0
1279.1
1289.1
1280.8
1313.9
1276.0
1279.1
1309.9
1297.0
1346.8
1321.1
1328.0
1296.0
1272.2
2302.9
1343.0
1318.0
1277.0
1339.0
1289.8
1274.1
1292.0
1333.0
1297.0
1262.9
1298.9
1292.0
1341.8
1277.0
1301.1
1298.0
1305.1
1335.1
1286.0
1267.9
1271.0
1286.0
1292.9
2080.9
1333.0
1284.1
1297.0
1286.0
1293.2
1306.1
1282.9
1270.1
1272.0
1274.8
1304.1
1296.0
1287.0
1238.1
1257.9
1233.8
1237.9
1246.0
1252.9
1245.0
1238.1
1263.1
1249.8
1246.9
1246.0
1242.2
2018.0
1256.9
1256.9
1254.1
1277.9
1244.1
1275.1
1255.0
1281.0
1289.1
1239.1
1245.0
1256.0
1236.0
1246.9
1251.0
1258.1
1262.9
1247.9
1251.0
1233.8
1254.1
1280.1
1247.2
1253.8
1261.0
1263.9
1253.8
1249.1
1951.0
1239.1
1262.9
1245.0
1241.2
1261.0
1241.9
1268.1
1246.9
1255.0
1236.2
1262.9
1239.1
1247.2
1246.0
1271.0
1261.9
1241.0
1252.9
1241.0
1313.0
1286.0
1256.0
1253.8
1282.0
1257.9
1248.1
1257.9