4657.4
1284.9
1284.4
1230.5
1191.1
1214.1
1216.8
1246.3
1185.0
1206.2
1216.8
1210.0
1252.1
1183.3
1213.0
1214.4
1239.9
1218.9
1180.9
1175.6
1181.3
1177.3
1165.3
1177.6
1158.8
1184.0
1153.6
1181.5
1157.6
1181.4
1179.9
1181.8
1153.0
1188.9
1189.6
1176.7
1173.0
1183.2
1178.1
1183.7
1185.7
1181.8
1162.5
1155.5
1220.5
1150.2
1158.7
1181.4
1154.6
1202.7
1179.9
1189.1
1176.2
1177.8
1186.9
1213.6
1193.0
1174.8
1157.3
1184.8
1182.3
1191.4
1171.5
1186.3
1148.8
1184.4
1179.4
1170.1
1173.8
1178.8
1181.8
1176.9
1185.2
1179.7
1149.1
1150.6
1179.3
1183.8
1189.9
1173.0
1184.4
1151.7
1174.7
1218.9
1180.9
1181.9
1195.6
1180.6
1224.3
1174.6
1179.7
1142.4
1179.0
1209.8
1194.1
1149.4
1179.5
1172.1
1455.1
1212.1
1202.5
1200.5
1201.9
1198.4
1164.3
1190.0
1168.3
1170.9
1220.6
1164.6
1167.1
1190.6
1163.2
1219.4
1164.5
1184.9
1157.9
1156.6
1189.4
1271.3
1206.4
1202.7
1175.2
1191.1
1183.9
1190.7
1190.5
1199.1
1192.9
1216.2
1160.1
1163.4
1190.4
1198.2
1279.5
1196.2
1219.2
1197.5
1227.1
1194.9
1212.1
1221.7
1216.5
1249.9
1202.6
1184.4
1183.1
1158.3
1189.4
1181.8
1160.0
1157.1
1186.8
1209.9
1205.7
1194.1
1187.3
1191.5
1211.4
1181.8
1161.9
1182.4
1187.7
1184.5
1211.9
1159.1
1155.7
1188.1
1158.8
1210.5
1199.0
1184.7
1180.7
1180.7
1183.3
1205.6
1158.5
1155.2
1183.4
1159.7
1199.7
1288.0
1209.6
1209.6
1214.1
1204.3
1210.8
1205.0
1177.2
1207.1
1174.3
1205.1
1215.4
1196.5
1213.6
1205.3
1204.5
1172.8
1202.5
1204.9
1206.7
1179.6
1205.8
1183.3
1182.7
1174.0
1206.5
1215.1
1172.9
1206.4
1181.9
1223.8
1199.4
1175.8
1205.2
1200.4
1201.6
1204.6
1199.7
1181.4
1203.1
1205.6
1205.8
1180.7
1180.9
1204.4
1175.9
1197.0
1202.2
1206.4
1206.4
1177.5
1204.5
1174.4
1206.2
1185.2
1202.3
1179.4
1196.0
1198.0
1219.9
1200.0
1203.5
1208.5
1207.9
1199.8
1171.2
1198.0
1177.8
1202.1
1212.2
1205.7
1204.8
1206.7
1178.2
1215.5
1203.4
1172.9
1199.4
1200.8
1213.3
1178.9
1175.0
1205.5
1212.7
1179.0
1227.5
1222.0
1207.3
1206.4
1174.7
1195.8
1173.6
1184.9
1178.3
1199.7
1177.5
1177.7
1186.0
1175.2
1199.0
1149.5
1181.3
1175.2
1183.0
1188.2
1199.8
1184.5
1208.1
1184.8
1177.8
1190.4
1189.7
1181.1
1182.3
1186.7
1194.5
1184.8
1180.7
1179.1