136721.1
3515.0
3259.7
3228.9
3226.3
3289.0
3204.8
3205.3
3200.1
3232.0
3201.2
3243.9
3224.1
3212.0
3287.6
3213.2
3265.4
3306.6
3186.2
3199.6
3250.4
3240.3
3188.6
3193.4
3218.2
3207.4
3206.5
3206.7
3255.6
3195.0
3189.8
3232.2
3186.2
3220.3
3187.7
3209.1
3219.6
3262.3
3211.7
3261.6
3210.8
3186.7
3195.5
3194.6
3197.7
3204.3
3230.1
3223.2
3200.8
3191.9
3214.1
3198.6
3219.6
3221.3
3247.0
3216.3
3217.9
3211.5
3188.6
3255.1
3256.8
3243.2
3244.2
3251.1
3262.0
3247.3
3229.1
3243.0
3271.3
3215.6
3224.8
3191.2
3211.5
3221.5
3201.2
3192.4
3191.0
3231.8
3208.4
3207.2
3243.0
3184.6
3227.0
3216.5
3174.5
3243.2
3189.3
3222.0
3193.1
3197.0
3205.8
3236.3
3207.4
3197.7
3187.9
3225.1
3221.8
3233.0
3189.6
3189.8
3184.6
3181.9
3213.9
3209.4
3202.2
3176.2
3184.8
3173.6
3204.6
3198.9
3179.1
3188.4
3195.3
3183.4
3197.4
3181.7
3205.3
3219.1
3203.2
3210.1
3241.1
3211.0
3210.8
3218.7
3209.1
3194.1
3194.3
3216.7
3176.7
3259.9
3218.7
3201.0
3215.6
3185.0
3267.0
3226.8
3212.5
3201.7
3229.1
3196.7
3193.6
3194.8
3186.0
3191.0
3221.8
3227.9
3189.6
3186.5
3251.3
3247.3
3185.0
3207.7
3200.3
3178.1
3166.7
3227.9
3197.4
3199.8
3195.8
3294.2
3211.0
3177.6
3207.7
3235.8
3244.9
3193.4
3185.5
3194.6
3221.3
3208.6
3208.2
3234.4
3182.4
3207.2
3179.3
3197.7
3202.0
3202.0
3188.4
3192.2
3199.8
3198.1
3180.3
3207.9
3173.1
3181.2
3176.2
3185.7
3188.1
3200.5
3248.9
3189.1
3185.7
3185.3
3206.7
3191.2
3205.8
3224.6
3211.7
3247.3
3185.5
3213.4
3193.9
3191.9
3223.7
3216.0
3214.6
3302.3
3221.8
3194.1
3195.3
3192.2
3221.8
3266.8
3199.6
3217.9
3252.5
3218.4
3222.5
3214.6
3185.3
3244.2
3212.5
3258.9
3225.1
3220.3
3191.2
3193.1
3192.7
3195.3
3188.6
3171.4
3179.8
3223.2
3203.4
3195.8
3184.1
3223.7
3224.4
3210.3
3206.5
3197.0
3189.8
3262.0
3232.5
3192.2
3199.3
3232.2
3176.5
3207.9
3197.7
3181.7
3201.0
3182.2
3186.0
3175.5
3208.2
3176.9
3181.9
3262.8
3212.0
3213.6
3180.5
3198.4
3205.3
3204.3
3209.1
3193.6
3228.7
3243.7
3214.6
3234.1
3185.0
3243.7
3218.7
3193.4
3222.0
3201.2
3196.2
3185.0
3189.6
3197.7
3203.4
3213.6
3221.3
3207.7
3223.4
3192.7
3208.4
3276.6
3257.5
3277.1
3222.2
3242.0
3235.3
3263.0
3239.9
3192.9
3192.9
3202.4