4249361.8
1597.6
1488.0
1531.8
1501.3
1467.2
1467.0
1460.3
1466.3
1463.4
1475.6
1502.0
1475.8
1445.8
1457.5
1472.0
1492.7
1474.6
1483.2
1461.5
1461.3
1469.6
1467.9
1455.8
1457.5
1456.0
1455.1
1464.1
1514.4
1497.3
1506.3
1480.8
1449.3
1467.9
1450.5
1455.5
1476.0
1457.9
1472.2
1487.0
1455.1
1458.2
1515.2
1461.5
1453.4
1459.1
1454.6
1472.5
1486.1
1476.3
1477.0
1454.4
1460.8
1454.1
1466.5
1453.4
1477.2
1465.6
1464.4
1478.0
1494.6
1453.2
1465.3
1452.0
1487.0
1467.0
1476.0
1478.7
1456.3
1467.9
1469.1
1462.9
1454.1
1479.6
1449.3
1472.7
1473.7
1463.2
1470.1
1444.3
1462.2
1457.0
1535.9
1472.0
1514.7
1467.0
1527.3
1454.4
1472.0
1452.0
1471.3
1448.9
1525.9
1451.3
1495.8
1474.1
1450.1
1450.8
1473.2
1514.0
1452.7
1484.9
1468.9
1448.4
1519.2
1448.9
1464.6
1478.9
1453.2
1490.8
1455.5
1487.3
1474.6
1456.3
1474.4
1499.7
1457.5
1470.1
1453.4
1457.2
1450.8
1480.1
1458.2
1478.7
1460.6
1476.0
1477.7
1455.8
1521.3
1488.2
1462.2
1483.4
1477.0
1471.8
1460.8
1443.6
1488.0
1486.5
1521.6
1467.7
1525.2
1444.8
1460.8
1459.8
1452.7
1455.1
1477.5
1481.5
1467.2
1463.2
1446.5
1456.7
1484.6
1460.1
1463.9
1469.6
1453.9
1455.1
1457.0
1449.3
1446.7
1417.4
1441.5
1413.3
1418.4
1416.4
1430.5
1427.9
1446.2
1438.6
1422.2
1466.5
1415.7
1450.1
1417.4
1470.6
1475.8
1416.0
1420.5
1415.0
1426.9
1418.6
1430.0
1412.9
1432.4
1437.4
1426.2
1429.3
1440.5
1481.3
1437.9
1417.4
1432.2
1417.2
1445.5
1420.0
1445.1
1404.5
1419.3
1422.4
1438.4
1421.9
1417.4
1421.9
1433.1
1467.9
1432.2
1431.0
1425.0
1445.8
1444.8
1448.6
1443.6
1423.4
1421.0
1431.7
1437.2
1423.6
1420.5
1424.6
1427.7
1422.2
1433.1
1431.2
1411.4
1405.5
1406.7
1443.1
1440.5
1439.1
1443.6
1434.6
1409.8
1481.5
1422.6
1478.9
1411.4
1424.6
1453.9
1413.6
1429.8
1419.5
1441.0
1415.5
1405.7
1434.8
1426.7
1485.1
1417.4
1435.3
1406.7
1426.2
1429.1
1418.6
1436.2
1425.0
1426.7
1464.1
1461.0
1427.2
1431.7
1421.0
1411.2
1442.4
1433.6
1447.2
1411.7
1430.7
1426.5
1421.0
1438.1
1462.7
1430.5
1419.3
1440.8
1438.4
1420.3
1428.8
1409.5
1454.6
1449.3
1469.9
1426.5
1435.3
1452.0
1428.8
1464.4
1429.6
1498.7
1455.3
1443.6
1439.3
1476.0
1421.0
1405.7
1431.9
1429.3
1476.0
1433.8
1483.7