4610.4
1302.8
1268.5
1219.4
1218.4
1244.3
1189.0
1198.7
1214.6
1224.6
1223.0
1199.7
1211.2
1201.8
1195.3
1212.8
1196.0
1223.3
1203.8
1195.2
1211.9
1206.4
1187.2
1155.8
1176.2
1209.1
1179.4
1180.8
1154.1
1199.9
1176.7
1188.4
1168.1
1178.7
1184.1
1174.6
1196.3
1186.9
1203.5
1183.0
1213.8
1165.4
1181.4
1201.6
1148.6
1179.9
1200.8
1179.5
1157.2
1152.5
1149.2
1178.8
1208.9
1180.1
1206.5
1183.6
1190.4
1200.7
1155.2
1183.5
1159.4
1153.6
1174.7
1203.9
1151.6
1253.9
1189.0
1155.9
1203.6
1156.6
1186.4
1181.0
1158.4
1201.6
1194.9
1157.9
1202.5
1175.5
1190.1
1201.0
1183.6
1197.8
1151.6
1193.3
1203.8
1152.2
1188.1
1178.5
1191.7
1176.5
1176.1
1186.8
1189.0
1179.1
1182.1
1176.3
1180.7
1193.7
1176.6
1184.5
1212.1
1178.8
1182.2
1201.3
1191.7
1173.6
1155.6
1157.4
1198.7
1181.0
1191.2
1209.4
1185.8
1189.7
1154.0
1184.4
1205.7
1192.8
1200.9
1198.8
1236.3
1229.0
1231.4
1236.1
1209.8
1203.8
1208.9
1190.0
1188.9
1197.3
1182.1
1184.9
1181.9
1192.3
1190.1
1192.1
1184.1
1184.3
1193.5
1187.1
1189.4
1198.3
1187.2
1202.9
1182.8
1194.5
1181.6
1153.1
1189.6
1191.7
1187.9
1174.9
1186.3
1187.9
1196.2
1173.7
1184.6
1198.8
1189.7
1180.6
1185.4
1187.6
1192.3
1189.3
1188.8
1181.3
1186.1
1184.8
1191.7
1195.7
1219.9
1221.9
1211.0
1206.5
1229.6
1185.7
1192.2
1198.0
1188.2
1181.1
1192.8
1161.7
1192.0
1193.3
1194.3
1187.0
1189.6
1182.5
1181.4
1182.8
1192.9
1185.1
1188.4
1197.0
1186.1
1209.8
1184.1
1184.2
1178.8
1179.0
1186.2
1191.9
1180.2
1198.0
1185.4
1190.8
1184.9
1178.2
1181.4
1183.8
1207.6
1206.6
1200.3
1187.4
1178.0
1186.0
1200.0
1180.2
1183.2
1176.8
1177.1
1194.0
1185.8
1177.2
1182.9
1175.8
1199.2
1192.8
1178.3
1181.1
1185.6
1178.8
1202.6
1185.9
1186.5
1188.0
1180.6
1165.7
1179.4
1177.4
1182.5
1187.9
1202.2
1178.5
1184.2
1183.5
1191.3
1187.2
1180.1
1185.1
1182.4
1185.5
1184.2
1197.9
1185.2
1193.9
1183.6
1185.2
1191.5
1189.1
1210.4
1204.9
1218.0
1213.4
1207.5
1203.4
1198.8
1206.2
1221.7
1204.7
1188.8
1191.8
1183.0
1163.3
1200.1
1178.6
1176.3
1198.4
1187.6
1184.4
1183.8
1194.9
1205.2
1200.2
1165.5
1158.3
1187.1
1187.4
1209.5
1196.8
1186.9
1191.2
1184.5
1208.6
1179.5
1200.3
1200.0
1181.5
1198.3
1188.5