141474.5
3550.5
3332.9
3382.0
3316.4
3308.8
3278.3
3282.3
3281.6
3277.8
3229.1
3262.5
3263.0
3309.0
3368.4
3330.9
3308.8
3301.4
3301.4
3298.3
3313.5
3284.9
3246.3
3247.5
3274.4
3269.0
3258.9
3292.3
3281.1
3242.0
3277.1
3269.4
3290.2
3253.0
3260.4
3276.6
3264.2
3234.9
3262.8
3255.1
3263.2
3320.7
3223.7
3285.6
3269.0
3258.2
3251.8
3253.9
3270.1
3257.8
3253.7
3288.0
3264.0
3266.1
3253.7
3300.4
3346.7
3281.8
3273.0
3254.2
3262.3
3295.7
3279.7
3240.3
3255.1
3283.7
3260.1
3261.3
3280.4
3240.8
3284.2
3284.7
3282.8
3254.9
3315.0
3257.5
3241.8
3255.1
3261.8
3247.3
3224.6
3265.1
3257.8
3294.5
3282.5
3247.3
3258.0
3330.2
3281.4
3273.7
3295.2
3248.7
3236.5
3322.8
3255.4
3227.9
3227.2
3259.9
3248.9
3267.5
3303.5
3235.3
3267.8
3306.6
3252.3
3239.2
3319.0
3227.5
3242.7
3256.6
3270.1
3238.9
3287.3
3248.5
3294.7
3274.9
3295.9
3273.5
3251.8
3311.9
3267.0
3258.0
3260.4
3226.8
3238.9
3262.3
3247.0
3254.2
3258.0
3245.1
3285.4
3289.7
3292.3
3258.0
3272.5
3250.6
3262.5
3239.9
3288.5
3252.7
3274.2
3319.7
3265.6
3285.9
3274.7
3345.5
3292.8
3292.1
3297.3
3301.9
3277.5
3313.8
3271.3
3274.2
3273.7
3284.0
3262.5
3329.8
3288.7
3272.1
3285.9
3249.4
3252.3
3284.5
3273.5
3246.1
3289.7
3288.5
3272.8
3295.4
3288.3
3253.7
3243.2
3284.7
3296.6
3288.7
3295.4
3312.8
3287.6
3277.1
3257.5
3277.3
3302.6
3310.0
3233.4
3287.3
3258.9
3249.9
3267.3
3260.4
3248.9
3267.0
3270.4
3258.9
3254.7
3291.4
3256.3
3284.0
3357.6
3312.1
3273.2
3280.2
3264.9
3358.1
3296.1
3283.7
3296.6
3263.2
3281.1
3275.6
3259.2
3247.5
3258.5
3246.5
3260.6
3264.7
3266.3
3333.6
3296.6
3261.1
3283.0
3269.0
3301.9
3282.1
3289.2
3252.7
3295.9
3235.3
3258.9
3293.8
3302.6
3255.8
3276.1
3331.4
3310.4
3306.4
3297.1
3280.2
3258.5
3284.2
3252.3
3257.3
3306.9
3285.2
3249.6
3272.5
3275.2
3314.3
3289.5
3261.6
3287.6
3263.2
3258.7
3248.7
3305.2
3291.1
3262.5
3289.5
3265.1
3280.6
3320.2
3298.0
3260.9
3258.9
3274.4
3306.4
3245.8
3290.7
3250.8
3319.3
3344.8
3316.2
3265.1
3262.3
3265.9
3243.9
3242.3
3269.4
3251.3
3282.8
3315.7
3252.3
3251.3
3297.8
3269.2
3373.1
3295.2
3267.8
3258.7
3272.3
3273.0
3293.5
3275.6
3296.6
3263.0
2930.6
2920.6
3257.8
3242.0
2842.4