3845696.2
1622.0
1472.2
1455.3
1447.4
1430.7
1456.0
1439.6
1442.9
1434.3
1429.8
1507.3
1426.5
1414.5
1426.2
1424.8
1437.4
1411.2
1408.8
1444.8
1447.0
1460.1
1433.8
1423.6
1486.3
1429.8
1420.5
1421.5
1447.4
1417.4
1447.0
1410.7
1413.3
1454.4
1491.5
1434.6
1448.2
1416.9
1408.1
1434.6
1407.9
1438.1
1447.0
1440.8
1409.1
1425.7
1413.6
1420.0
1418.4
1425.0
1433.8
1430.3
1413.3
1439.1
1438.6
1447.7
1456.7
1431.5
1462.9
1411.2
1423.4
1420.7
1422.6
1442.4
1421.0
1418.1
1457.2
1515.6
1492.3
1451.5
1435.5
1435.0
1457.5
1454.1
1421.5
1437.2
1421.2
1457.2
1440.0
1409.3
1428.4
1411.2
1406.0
1393.1
1401.9
1374.0
1377.1
1380.9
1376.4
1404.5
1426.7
1404.8
1370.2
1384.0
1433.6
1391.2
1437.4
1374.5
1374.2
1383.5
1384.5
1379.7
1410.5
1459.1
1434.3
1389.0
1397.8
1390.7
1430.7
1383.1
1367.6
1401.2
1383.5
1445.8
1408.8
1378.5
1391.6
1379.7
1399.5
1390.5
1367.8
1402.1
1370.4
1379.3
1384.3
1371.4
1390.2
1373.1
1395.0
1454.6
1388.5
1445.3
1374.7
1397.1
1381.6
1426.9
1383.5
1377.3
1421.7
1370.2
1392.4
1408.1
1383.1
1369.7
1447.4
1375.9
1378.5
1382.1
1366.6
1413.6
1373.5
1375.0
1435.3
1393.8
1406.0
1389.7
1378.8
1398.6
1378.3
1408.1
1375.2
1418.1
1373.8
1373.3
1393.3
1395.7
1403.6
1366.6
1439.3
1388.8
1400.5
1432.7
1396.7
1383.1
1388.8
1379.7
1392.1
1418.1
1375.2
1403.1
1394.7
1376.4
1379.3
1388.3
1381.6
1394.3
1397.6
1387.8
1390.9
1408.6
1443.9
1390.9
1373.8
1386.2
1387.6
1390.7
1370.2
1392.4
1389.3
1394.5
1370.2
1367.1
1379.7
1373.8
1376.9
1403.1
1372.1
1419.5
1377.6
1431.0
1430.0
1420.5
1408.6
1375.4
1362.3
1377.6
1382.6
1388.3
1426.9
1372.3
1376.6
1373.5
1387.1
1375.0
1387.6
1403.1
1375.4
1374.0
1390.5
1384.0
1390.5
1436.2
1365.2
1372.6
1434.3
1386.9
1395.9
1391.6
1375.7
1405.0
1440.8
1392.1
1362.8
1383.3
1379.5
1398.6
1381.9
1414.3
1377.3
1382.8
1393.3
1408.3
1374.0
1377.8
1376.9
1367.6
1391.9
1389.0
1391.2
1383.3
1447.0
1375.7
1395.0
1378.1
1441.5
1401.9
1436.5
1380.0
1384.7
1411.2
1408.8
1380.9
1442.2
1399.0
1386.2
1383.5
1442.2
1383.3
1397.6
1433.8
1410.0
1390.0
1377.8
1398.3
1399.8
1396.4
1397.1
1386.2
1385.9
1434.3
1410.0
1380.4
1418.1
1385.5
1405.0
1391.4
1384.5
1420.7
1377.6
1370.4