1603020.9
32762.5
1716.1
1604.3
1447.0
1426.0
1436.5
1420.3
1456.3
1411.7
1384.0
1395.9
1416.9
1363.3
1384.0
1391.6
1365.4
1377.6
1356.1
1406.4
1370.7
1384.5
1371.4
1398.6
1381.2
1391.6
1399.3
1358.7
1404.0
1370.4
1406.0
1382.4
1375.7
1352.1
1365.7
1404.8
1359.7
1378.8
1435.8
1375.0
1381.6
1387.6
1365.2
1387.8
1364.2
1362.1
1370.0
1389.5
1366.4
1412.6
1380.9
1415.5
1358.7
1373.8
1379.5
1383.1
1379.7
1380.9
1392.1
1387.8
1370.9
1375.4
1407.1
1361.1
1375.9
1376.9
1378.5
1426.5
1370.7
1410.5
1390.5
1383.3
1401.4
1386.4
1411.0
1418.1
1403.6
1398.6
1375.2
1408.6
1380.9
1379.5
1353.7
1339.9
1327.8
1355.6
1344.9
1366.6
1322.5
1361.4
1338.7
1322.7
1337.5
1343.3
1330.4
1328.0
1353.3
1327.5
1325.8
1375.9
1319.2
1378.1
1327.0
1324.7
1317.3
1353.0
1326.8
1324.2
1338.5
1323.9
1336.1
1383.8
1323.2
1328.2
1330.1
1377.1
1326.6
1343.0
1376.4
1329.4
1328.2
1327.3
1375.0
1348.3
1338.5
1359.0
1339.0
1359.9
1335.1
1363.8
1332.5
1344.0
1359.2
1348.7
1332.8
1383.1
1341.3
1333.5
1325.4
1376.2
1348.3
1315.6
1326.1
1320.6
1314.9
1330.9
1376.2
1353.3
1328.7
1335.1
1335.4
1327.8
1364.7
1328.9
1352.8
1324.4
1339.9
1338.0
1318.5
1342.8
1364.5
1371.9
1324.2
1323.0
1324.2
1319.6
1358.5
1320.1
1326.6
1315.8
1329.2
1343.5
1315.6
1334.0
1306.5
1318.5
1378.5
1370.0
1332.3
1302.2
1331.3
1325.4
1332.8
1349.9
1326.8
1362.1
1355.2
1333.7
1319.2
1325.8
1319.2
1324.7
1383.5
1324.4
1327.0
1380.9
1334.9
1310.8
1323.2
1349.4
1333.0
1327.8
1327.8
1335.6
1362.1
1390.2
1343.5
1355.4
1322.3
1347.8
1319.6
1323.7
1321.1
1351.4
1331.1
1363.0
1395.2
1394.3
1387.4
1332.0
1355.4
1337.3
1322.7
1391.6
1393.6
1336.8
1341.1
1395.9
1321.3
1327.3
1331.1
1338.2
1314.2
1348.7
1328.9
1368.3
1326.8
1354.5
1333.5
1341.8
1340.6
1387.8
1330.9
1330.1
1332.0
1393.8
1328.9
1344.0
1344.0
1353.5
1354.7
1356.1
1324.9
1340.6
1357.8
1388.5
1348.7
1345.6
1350.9
1431.9
1444.8
1357.8
1349.9
1334.9
1339.2
1338.0
1359.0
1323.0
1337.3
1355.2
1391.2
1329.2
1340.6
1345.2
1322.3
1354.5
1329.9
1385.2
1345.9
1318.2
1342.3
1333.0
1335.1
1325.1
1336.1
1324.9
1328.7
1333.0
1372.1
1319.4
1372.3
1393.8
1361.6
1350.6
1362.3
1373.5
1349.2
1328.0
1350.9
1367.1