3990149.5
1677.8
1503.5
1529.5
1461.5
1448.2
1452.7
1434.6
1451.3
1452.2
1435.5
1433.4
1462.5
1458.9
1424.1
1460.3
1437.7
1429.1
1441.0
1431.0
1422.2
1425.0
1426.5
1457.7
1417.6
1435.3
1436.9
1424.6
1488.2
1421.7
1421.2
1430.7
1431.2
1440.0
1495.6
1421.2
1413.3
1448.4
1452.2
1417.6
1423.8
1434.8
1426.0
1475.1
1485.8
1455.1
1447.0
1438.9
1445.8
1421.9
1433.8
1451.5
1430.5
1424.6
1452.9
1426.9
1426.5
1463.2
1422.2
1499.9
1423.8
1443.1
1436.7
1433.6
1445.5
1427.2
1457.9
1440.8
1452.2
1428.6
1444.1
1471.5
1425.7
1434.3
1439.1
1446.5
1425.0
1456.0
1420.7
1431.9
1443.4
1451.7
1423.4
1426.7
1417.4
1444.3
1428.4
1441.2
1430.7
1476.3
1452.0
1438.9
1444.3
1482.0
1424.6
1433.8
1439.6
1430.3
1457.9
1422.6
1428.1
1442.2
1428.6
1421.0
1433.4
1440.0
1450.5
1426.9
1441.5
1427.7
1436.5
1440.3
1431.5
1433.6
1474.1
1426.2
1424.8
1483.7
1417.6
1419.5
1471.5
1426.7
1431.0
1424.6
1426.0
1416.7
1423.4
1488.9
1427.9
1420.7
1446.5
1408.8
1387.4
1390.9
1394.3
1406.2
1435.0
1385.2
1385.0
1403.6
1448.6
1384.7
1452.7
1385.5
1550.9
1389.7
1394.7
1400.0
1398.6
1382.6
1432.2
1377.1
1386.2
1388.5
1428.6
1396.7
1397.4
1405.2
1435.0
1390.5
1382.6
1378.1
1395.7
1395.0
1437.9
1386.2
1401.9
1405.0
1396.4
1445.3
1374.5
1444.1
1404.8
1426.7
1406.0
1399.8
1386.4
1382.6
1401.9
1388.3
1449.1
1391.4
1408.6
1399.0
1395.7
1403.3
1385.5
1432.4
1385.2
1388.3
1440.3
1412.6
1387.6
1387.4
1365.7
1406.7
1412.9
1377.6
1410.7
1388.1
1381.9
1385.7
1383.1
1396.7
1385.5
1417.4
1385.2
1390.9
1395.2
1389.5
1455.5
1650.6
1461.5
1397.6
1433.1
1430.7
1413.6
1403.3
1390.2
1401.2
1398.6
1398.3
1376.9
1406.2
1398.3
1415.0
1392.4
1414.3
1414.5
1396.9
1377.3
1390.0
1410.0
1410.2
1391.4
1385.9
1436.7
1376.6
1380.0
1412.2
1405.0
1389.3
1383.5
1388.5
1390.5
1394.3
1385.7
1383.1
1399.0
1394.5
1388.1
1389.5
1386.2
1386.4
1413.6
1428.8
1409.1
1378.3
1400.2
1414.3
1405.5
1382.6
1414.5
1391.9
1395.0
1407.4
1382.4
1385.0
1386.6
1413.8
1400.0
1391.9
1385.7
1400.9
1409.3
1390.5
1382.1
1406.4
1409.3
1394.0
1385.9
1390.5
1394.7
1383.5
1409.5
1410.2
1390.2
1414.3
1384.5
1392.1
1450.8
1414.1
1383.3
1425.3
1399.8
1388.3
1392.8
1446.7
1401.7
1402.1