3539871.0
26416.3
1709.9
1384.3
1373.1
1372.1
1369.7
1338.0
1344.0
1360.2
1363.3
1337.8
1327.3
1381.9
1359.7
1335.9
1328.7
1405.5
1342.5
1332.8
1353.0
1337.1
1336.8
1348.0
1334.2
1333.2
1332.8
1352.1
1375.9
1340.6
1399.3
1330.9
1328.9
1372.8
1333.0
1334.0
1349.4
1410.2
1358.5
1353.5
1333.0
1339.0
1341.3
1331.6
1331.1
1335.6
1341.6
1323.2
1342.5
1349.7
1332.5
1385.0
1351.6
1326.8
1385.0
1341.1
1328.0
1347.1
1332.0
1330.9
1348.5
1370.4
1330.6
1402.9
1381.9
1331.1
1330.9
1350.2
1327.5
1398.8
1327.5
1337.3
1362.6
1332.3
1384.0
1314.6
1328.7
1349.4
1323.7
1385.5
1337.5
1336.6
1341.8
1365.4
1335.1
1338.7
1358.7
1344.0
1342.8
1354.7
1333.5
1319.9
1394.3
1331.6
1347.3
1347.1
1347.1
1344.4
1338.7
1352.8
1343.3
1365.9
1337.1
1331.8
1331.3
1349.2
1344.4
1357.6
1339.0
1311.3
1330.1
1355.2
1333.7
1339.4
1333.0
1337.8
1340.9
1329.7
1347.8
1327.3
1350.4
1333.2
1386.9
1334.9
1362.8
1328.5
1332.3
1334.0
1335.4
1397.6
1390.5
1333.0
1412.9
1360.7
1357.8
1352.8
1345.4
1328.2
1345.4
1325.4
1359.2
1333.0
1342.8
1369.7
1324.7
1391.4
1347.3
1340.6
1331.8
1339.0
1361.8
1315.8
1387.1
1319.4
1342.1
1321.6
1329.2
1336.8
1330.1
1330.4
1332.0
1326.6
1337.3
1375.0
1316.8
1357.3
1355.6
1386.9
1354.2
1364.5
1365.2
1354.0
1417.9
1342.8
1398.3
1334.0
1328.7
1338.5
1341.1
1344.7
1336.8
1334.0
1355.2
1370.4
1321.8
1337.5
1337.3
1325.8
1287.0
1310.1
1289.8
1286.5
1303.0
1310.1
1305.6
1305.1
1308.9
1282.2
1344.0
1316.3
1297.5
1301.1
1295.3
1308.7
1285.8
1291.3
1324.9
1280.3
1327.3
1288.2
1291.8
1285.6
1354.0
1308.9
1292.7
1288.7
1312.5
1288.2
1318.0
1292.0
1297.0
1308.7
1292.9
1289.4
1292.7
1350.6
1279.6
1286.0
1299.1
1298.2
1314.9
1291.0
1301.8
1287.7
1301.8
1300.1
1320.4
1314.2
1350.9
1303.4
1327.0
1301.5
1293.4
1301.1
1318.9
1326.1
1329.9
1287.9
1326.8
1297.0
1301.1
1296.0
1321.6
1320.8
1292.0
1297.0
1282.5
1295.3
1323.2
1323.5
1280.8
1303.9
1301.1
1309.6
1357.3
1301.3
1300.6
1291.5
1311.3
1321.1
1300.3
1287.9
1291.3
1299.9
1322.0
1347.8
1307.7
1320.4
1310.1
1304.1
1326.6
1318.7
1316.3
1333.0
1313.2
1335.4
1308.0
1293.4
1304.6
1306.1
1294.6
1305.8
1311.5
1333.5
1318.5
1310.3
1326.1
1297.5
1298.9
1308.7