3218149.2
26115.9
1629.8
1374.0
1353.3
1329.7
1331.1
1354.5
1334.7
1352.8
1344.4
1331.1
1403.8
1353.0
1349.9
1350.6
1342.1
1333.7
1361.6
1386.6
1347.5
1334.0
1327.3
1333.2
1348.7
1351.6
1343.7
1338.7
1336.8
1366.1
1335.1
1351.1
1347.8
1344.2
1346.3
1334.0
1362.1
1341.3
1350.9
1335.6
1317.7
1332.3
1346.8
1331.3
1343.5
1335.9
1333.5
1342.8
1325.6
1327.5
1337.5
1355.2
1339.2
1323.5
1351.4
1331.3
1343.0
1346.6
1373.8
1345.6
1360.9
1342.3
1341.1
1390.2
1333.7
1351.8
1339.7
1390.7
1393.3
1354.9
1322.0
1328.0
1340.9
1335.4
1326.8
1348.0
1332.0
1324.7
1381.6
1334.0
1326.3
1336.3
1342.8
1337.5
1402.4
1319.6
1334.7
1348.7
1332.5
1335.9
1342.1
1357.3
1348.5
1347.3
1358.7
1345.6
1330.4
1333.0
1319.9
1344.4
1330.4
1332.8
1339.0
1395.7
1329.7
1400.2
1327.0
1396.7
1384.0
1320.4
1361.1
1334.2
1344.7
1334.2
1327.3
1334.2
1329.9
1326.8
1334.9
1322.7
1360.7
1323.9
1331.6
1365.4
1329.4
1371.4
1325.8
1366.9
1325.1
1329.2
1389.7
1324.4
1326.1
1352.8
1348.0
1342.5
1344.4
1350.9
1354.9
1348.7
1330.1
1330.1
1352.5
1330.1
1323.5
1354.7
1325.8
1324.4
1311.8
1392.8
1326.1
1346.1
1320.6
1355.9
1353.7
1330.6
1343.7
1362.1
1353.0
1402.1
1327.0
1322.7
1397.4
1312.0
1332.3
1325.4
1391.6
1339.0
1326.1
1333.0
1320.4
1325.6
1330.9
1320.1
1328.2
1365.9
1344.2
1346.6
1336.1
1324.7
1363.8
1329.7
1347.5
1318.2
1328.9
1355.4
1348.3
1328.7
1391.6
1331.3
1335.4
1338.2
1348.0
1338.7
1350.6
1344.0
1359.5
1320.6
1325.6
1339.7
1331.1
1339.7
1341.3
1304.4
1329.9
1348.7
1355.9
1391.2
1367.6
1394.5
1353.7
1335.9
1347.8
1331.1
1337.5
1314.4
1322.0
1315.1
1277.9
1292.0
1295.1
1301.1
1306.8
1301.5
1285.3
1306.3
1320.1
1315.1
1295.1
1287.2
1303.9
1303.4
1330.4
1306.1
1276.7
1283.6
1280.8
1304.1
1279.8
1293.4
1310.6
1293.4
1284.4
1306.3
1291.8
1316.5
1285.1
1333.5
1294.6
1297.7
1302.7
1303.7
1292.7
1283.6
1286.0
1298.0
1287.2
1296.5
1315.6
1307.7
1318.7
1286.5
1317.7
1285.8
1303.7
1286.0
1288.7
1301.1
1301.5
1317.5
1352.1
1287.7
1283.6
1303.2
1322.3
1299.4
1295.1
1287.9
1302.2
1316.8
1311.1
1290.6
1288.4
1293.7
1284.6
1283.4
1319.2
1278.4
1281.3
1293.7
1320.4
1321.6
1303.4
1292.0
1345.4
1295.3
1327.3
1290.1
1315.6
1304.4