1538312.0
27696.4
1645.1
1448.4
1358.3
1350.4
1353.5
1343.7
1408.6
1349.9
1332.8
1335.4
1380.2
1335.9
1347.3
1346.6
1365.2
1336.3
1338.7
1364.0
1345.6
1343.7
1391.6
1342.5
1343.7
1332.5
1356.4
1379.7
1359.5
1359.5
1390.5
1347.8
1338.5
1369.5
1364.9
1350.6
1393.6
1337.8
1368.3
1332.8
1335.6
1356.1
1334.0
1340.6
1454.4
1344.9
1369.5
1332.8
1327.3
1326.1
1344.2
1334.4
1333.0
1335.1
1358.0
1391.9
1340.9
1354.9
1339.2
1364.7
1346.1
1353.0
1347.1
1335.6
1337.5
1399.3
1364.5
1344.2
1337.1
1374.7
1360.7
1362.8
1331.8
1358.5
1360.7
1334.4
1344.0
1389.3
1366.4
1335.9
1352.3
1357.1
1347.5
1376.2
1339.0
1401.2
1331.6
1373.1
1340.6
1334.9
1306.1
1314.2
1304.1
1290.6
1317.5
1292.7
1301.8
1294.4
1303.9
1349.9
1288.2
1317.0
1301.3
1304.9
1338.0
1366.4
1295.3
1303.4
1306.3
1319.4
1351.1
1321.3
1317.0
1300.8
1352.5
1303.2
1297.2
1293.4
1299.4
1297.5
1310.6
1326.8
1308.9
1329.9
1306.5
1321.8
1352.8
1313.9
1297.2
1289.1
1336.1
1305.1
1350.6
1287.9
1317.3
1303.4
1301.8
1299.6
1302.2
1315.6
1323.2
1306.1
1297.2
1328.5
1303.2
1288.7
1289.1
1306.3
1328.0
1292.5
1325.8
1306.5
1304.1
1326.6
1299.6
1298.4
1309.9
1294.6
1293.9
1303.0
1324.7
1294.6
1292.0
1292.7
1303.9
1347.3
1303.0
1290.1
1292.7
1290.8
1356.8
1293.4
1304.1
1292.0
1291.5
1292.5
1298.2
1318.2
1286.0
1306.8
1335.1
1352.3
1303.4
1292.0
1305.3
1284.6
1299.6
1319.9
1297.7
1301.8
1349.9
1289.8
1296.3
1289.4
1314.6
1293.4
1302.5
1279.8
1343.3
1382.1
1342.3
1355.6
1325.6
1331.6
1353.0
1331.8
1347.8
1335.4
1385.2
1411.0
1347.5
1325.8
1333.0
1375.9
1339.7
1345.2
1340.6
1344.0
1391.9
1358.3
1349.9
1343.3
1401.7
1318.9
1304.6
1301.3
1306.5
1328.0
1318.0
1330.9
1337.3
1339.0
1336.6
1311.8
1310.6
1305.3
1361.8
1303.4
1315.6
1334.4
1332.8
1292.5
1322.0
1309.2
1303.4
1299.9
1335.4
1331.6
1307.5
1310.3
1309.2
1322.5
1339.9
1305.1
1309.2
1311.3
1311.5
1351.8
1335.4
1296.3
1302.2
1314.9
1303.9
1360.4
1310.3
1298.4
1300.8
1325.1
1328.5
1296.8
1312.0
1328.5
1345.6
1294.4
1314.2
1293.9
1341.3
1308.7
1302.7
1308.7
1340.4
1334.9
1347.8
1349.9
1313.0
1354.0
1324.2
1378.3
1298.9
1321.1
1316.8
1306.8
1367.1
1293.2
1314.2
1343.0
1319.4
1313.9
1382.1
1365.4