50252.4
1686.7
1365.5
1262.4
1254.5
1258.7
1205.5
1223.9
1260.6
1248.8
1242.2
1245.6
1274.1
1261.7
1240.9
1236.7
1262.1
1206.3
1230.1
1194.3
1192.2
1193.5
1235.2
1178.5
1191.8
1213.0
1203.8
1198.1
1160.9
1172.4
1205.1
1185.5
1191.6
1188.9
1161.0
1182.7
1214.2
1201.5
1163.8
1188.3
1185.6
1199.7
1162.4
1190.3
1187.5
1160.6
1163.2
1180.2
1190.4
1164.8
1182.2
1189.5
1189.7
1153.8
1186.0
1167.4
1182.6
1192.7
1181.1
1201.0
1182.3
1187.6
1194.2
1209.4
1162.5
1190.3
1182.4
1175.4
1202.6
1160.5
1155.7
1152.0
1156.0
1173.9
1157.7
1219.7
1188.5
1185.9
1181.5
1179.7
1202.3
1449.3
1206.9
1219.9
1162.8
1176.8
1173.0
1156.0
1170.4
1196.3
1165.5
1154.3
1150.3
1153.9
1206.9
1204.9
1165.5
1147.9
1174.5
1192.8
1196.6
1161.7
1176.1
1167.9
1153.0
1202.2
1166.7
1160.6
1148.8
1176.2
1148.5
1204.1
1189.2
1189.4
1174.7
1176.2
1173.5
1193.1
1182.6
1175.1
1147.4
1177.5
1204.4
1191.2
1179.5
1150.9
1180.7
1195.3
1172.0
1182.8
1181.1
1158.9
1178.2
1169.7
1200.6
1162.3
1187.4
1177.4
1187.8
1202.4
1192.6
1155.1
1184.8
1181.9
1197.9
1190.7
1214.9
1157.4
1177.5
1198.0
1194.4
1196.2
1154.8
1184.7
1149.2
1201.0
1180.3
1156.9
1180.3
1150.7
1179.1
1193.4
1162.6
1185.3
1152.0
1169.8
1205.1
1199.6
1191.0
1174.7
1168.1
1178.7
1170.5
1183.7
1177.5
1175.8
1149.3
1190.6
1187.7
1186.4
1181.4
1166.6
1172.6
1175.2
1178.3
1169.2
1208.3
1199.6
1203.6
1178.9
1171.8
1175.2
1201.7
1168.6
1208.5
1201.1
1173.8
1199.0
1198.2
1173.2
1215.5
1175.3
1175.6
1177.1
1202.8
1180.5
1171.7
1167.3
1197.2
1207.4
1174.8
1211.1
1173.1
1169.1
1173.6
1199.2
1181.3
1171.1
1201.9
1193.2
1197.8
1186.1
1195.9
1201.6
1213.1
1210.0
1179.9
1204.9
1197.8
1205.4
1176.3
1209.9
1195.2
1198.0
1197.5
1199.5
1221.1
1201.3
1203.3
1199.8
1203.5
1213.9
1204.9
1198.3
1171.3
1195.8
1185.9
1177.3
1197.6
1173.9
1202.3
1218.3
1175.2
1178.9
1179.9
1175.6
1230.4
1245.7
1225.5
1221.7
1222.2
1219.5
1226.1
1176.5
1207.2
1210.1
1201.2
1186.7
1175.5
1176.0
1180.8
1201.5
1181.9
1186.8
1191.0
1185.1
1207.1
1175.8
1188.8
1181.6
1175.5
1189.8
1184.7
1179.1
1178.1
1175.6
1186.8
1181.3
1170.7
1174.4
1177.5
1151.1
1191.2
1175.8
1172.6
1149.7
1176.7
1180.6
1188.9
1183.5