1592984.2
27697.6
1659.9
1519.2
1431.7
1411.4
1384.7
1378.3
1398.3
1381.9
1344.7
1354.2
1339.9
1346.3
1346.1
1354.9
1338.0
1340.4
1322.7
1327.3
1344.9
1328.9
1339.4
1332.3
1337.5
1341.8
1350.9
1353.7
1344.9
1343.3
1342.8
1344.2
1330.9
1380.7
1334.7
1333.5
1343.5
1320.8
1323.2
1356.1
1323.9
1329.2
1327.8
1338.7
1334.7
1327.5
1323.5
1369.0
1338.2
1324.4
1343.0
1322.7
1339.2
1337.3
1384.5
1340.9
1339.7
1352.5
1337.5
1337.5
1326.6
1370.7
1342.1
1340.6
1368.0
1357.1
1354.2
1398.6
1328.9
1359.2
1326.3
1342.8
1335.1
1334.2
1326.1
1334.0
1330.4
1357.3
1341.3
1323.9
1340.4
1374.2
1333.5
1346.8
1333.0
1321.1
1340.4
1344.7
1333.7
1391.6
1329.4
1351.8
1338.2
1338.5
1337.5
1411.4
1344.7
1341.1
1346.8
1380.7
1390.9
1377.6
1333.2
1383.8
1402.6
1334.7
1306.1
1301.3
1290.3
1305.1
1297.5
1295.8
1300.1
1357.8
1297.2
1292.9
1355.6
1306.5
1299.6
1355.4
1289.6
1302.0
1307.0
1307.5
1309.2
1295.8
1318.9
1304.9
1293.7
1335.9
1311.5
1296.8
1293.7
1296.8
1313.9
1289.8
1294.1
1284.8
1280.1
1295.3
1302.2
1301.1
1312.5
1300.3
1303.2
1319.9
1311.3
1297.2
1302.7
1334.4
1294.1
1311.5
1314.4
1298.9
1298.0
1299.4
1316.1
1293.9
1345.6
1295.8
1319.2
1297.2
1297.5
1305.6
1355.4
1282.7
1299.6
1298.2
1308.9
1296.3
1291.8
1318.0
1282.2
1290.1
1332.0
1294.9
1287.7
1305.3
1322.3
1304.4
1281.0
1312.3
1312.0
1297.7
1318.7
1302.0
1298.9
1300.1
1300.6
1298.2
1298.4
1299.4
1289.4
1304.6
1293.4
1349.2
1300.6
1289.6
1306.8
1300.3
1289.1
1312.5
1304.1
1316.3
1297.7
1299.9
1297.7
1294.1
1283.4
1296.3
1309.6
1288.2
1286.3
1299.4
1304.1
1291.0
1301.3
1299.9
1282.9
1286.5
1297.5
1291.0
1319.9
1317.3
1308.4
1305.3
1298.7
1302.7
1289.1
1316.3
1375.4
1306.5
1352.1
1348.5
1312.0
1298.0
1295.8
1303.9
1304.9
1294.4
1313.0
1292.0
1306.5
1368.3
1292.9
1310.8
1318.7
1295.1
1301.5
1318.5
1297.2
1366.4
1303.9
1314.2
1294.4
1299.6
1309.9
1305.8
1310.6
1298.4
1310.3
1318.2
1301.5
1327.8
1296.0
1297.5
1315.6
1307.5
1305.3
1300.6
1322.0
1298.9
1309.9
1319.9
1307.2
1295.8
1290.3
1313.7
1303.0
1308.4
1299.1
1310.6
1320.8
1364.2
1344.9
1328.9
1308.2
1316.1
1353.7
1366.4
1300.1
1302.2
1307.0
1302.5
1296.0
1300.3
1305.1
1294.6
1299.6
1302.0