1565727.9
1910.0
1718.3
1670.1
1672.5
1563.1
1544.2
1516.6
1513.0
1497.0
1509.2
1499.2
1478.4
1481.5
1539.5
1478.2
1492.0
1484.6
1511.6
1499.7
1500.1
1509.7
1506.8
1490.8
1486.5
1552.1
1497.3
1520.6
1519.4
1496.3
1475.8
1480.1
1469.1
1500.1
1468.2
1480.8
1482.5
1472.5
1511.6
1544.7
1489.4
1552.6
1497.0
1499.9
1475.6
1484.4
1479.6
1479.1
1480.8
1491.3
1501.1
1496.6
1489.2
1489.6
1484.4
1535.7
1512.8
1496.8
1478.7
1486.8
1536.8
1507.5
1466.8
1492.0
1498.2
1512.3
1498.7
1481.3
1501.6
1539.2
1473.4
1520.2
1484.4
1483.2
1479.9
1493.9
1476.8
1510.1
1505.4
1508.2
1473.2
1660.6
1501.8
1518.5
1515.6
1555.7
1504.2
1504.4
1524.2
1503.5
1507.3
1491.1
1545.4
1480.3
1524.7
1449.6
1467.0
1459.6
1474.9
1511.8
1496.1
1467.9
1471.3
1509.0
1463.9
1482.5
1469.9
1461.3
1488.2
1470.8
1466.3
1483.7
1465.8
1492.5
1472.2
1469.6
1456.5
1482.5
1462.7
1463.2
1487.7
1478.4
1461.7
1515.6
1497.0
1446.2
1503.2
1456.5
1507.3
1480.3
1470.6
1457.2
1461.0
1503.9
1462.0
1468.7
1443.9
1446.5
1449.8
1442.4
1478.0
1446.2
1448.2
1500.1
1454.6
1469.4
1490.4
1458.2
1458.2
1464.1
1451.3
1447.2
1475.8
1461.7
1448.4
1449.3
1496.8
1450.5
1499.2
1481.8
1471.3
1457.0
1456.0
1450.1
1482.5
1457.2
1475.8
1441.0
1478.0
1500.4
1474.1
1452.2
1455.3
1453.9
1453.9
1444.1
1471.5
1455.5
1454.8
1472.7
1455.3
1483.7
1445.5
1447.2
1471.8
1464.1
1469.9
1470.6
1459.8
1454.1
1463.2
1465.8
1456.0
1448.2
1445.5
1485.1
1455.5
1446.0
1475.1
1448.2
1471.0
1457.0
1850.1
1679.4
1492.5
1461.3
1454.6
1462.9
1447.0
1482.5
1524.2
1467.0
1475.3
1470.1
1472.7
1452.0
1488.4
1467.2
1549.5
1507.8
1466.3
1483.7
1463.4
1467.5
1469.9
1489.4
1474.6
1453.6
1510.9
1450.1
1488.4
1463.4
1452.2
1466.0
1481.5
1483.7
1525.2
1488.2
1461.3
1469.9
1507.0
1479.6
1514.4
1456.7
1442.4
1456.5
1458.6
1465.1
1454.8
1457.5
1471.5
1476.0
1476.5
1450.5
1448.6
1488.0
1477.0
1457.7
1448.4
1462.0
1451.5
1460.8
1478.2
1493.0
1448.4
1454.6
1455.8
1465.6
1457.0
1522.3
1470.8
1513.7
1480.3
1448.6
1467.2
1445.1
1452.9
1503.7
1503.0
1467.9
1492.3
1497.5
1492.7
1468.7
1478.2
1478.9
1514.2
1461.7
1438.1
1446.0
1452.4
1453.2
1466.3
1485.6
1520.2
1482.7
1518.5
1471.5
1447.7
1477.0