4727.4
1351.1
1349.1
1209.4
1203.4
1188.7
1235.4
1191.0
1210.1
1205.0
1214.3
1233.7
1212.7
1202.9
1202.4
1178.6
1209.7
1250.5
1185.4
1186.8
1191.0
1168.6
1174.1
1181.8
1178.8
1188.0
1172.4
1155.9
1189.9
1181.7
1155.0
1190.0
1167.9
1154.3
1158.4
1154.4
1157.0
1187.7
1204.2
1194.2
1154.1
1208.7
1228.3
1207.7
1207.7
1173.0
1197.9
1180.3
1189.2
1172.1
1202.5
1205.9
1188.1
1199.1
1169.1
1196.7
1208.5
1198.2
1204.5
1153.8
1156.6
1182.3
1175.3
1225.4
1182.2
1179.7
1182.3
1187.3
1166.1
1170.2
1156.6
1151.9
1154.7
1153.8
1208.9
1186.0
1203.3
1202.1
1184.5
1193.3
1207.3
1187.0
1154.4
1181.7
1185.5
1220.3
1189.3
1187.1
1182.3
1157.7
1216.7
1156.5
1182.9
1183.9
1187.8
1191.4
1170.5
1180.8
1155.5
1158.5
1183.6
1192.7
1186.9
1153.6
1184.4
1186.9
1194.0
1193.5
1157.8
1182.6
1154.2
1188.6
1191.8
1162.3
1155.0
1182.2
1178.7
1192.2
1198.0
1152.0
1159.7
1156.4
1178.6
1206.9
1188.6
1161.1
1191.3
1178.7
1160.7
1214.4
1182.0
1186.1
1176.8
1185.3
1220.8
1184.3
1153.7
1181.5
1181.6
1162.4
1177.4
1181.4
1174.9
1151.1
1163.5
1212.1
1193.4
1157.2
1183.9
1185.6
1194.1
1206.0
1182.4
1154.7
1155.0
1181.3
1224.3
1189.0
1179.0
1180.6
1195.4
1193.2
1187.6
1154.3
1171.3
1152.1
1161.0
1182.4
1184.4
1180.5
1181.5
1176.9
1166.2
1194.4
1181.2
1183.5
1152.3
1188.9
1213.4
1182.6
1183.3
1181.7
1182.1
1188.0
1182.9
1156.7
1151.8
1180.9
1191.6
1203.9
1188.5
1153.5
1179.8
1176.9
1193.6
1161.0
1182.0
1159.0
1163.4
1158.9
1191.7
1162.4
1157.0
1169.5
1165.9
1185.1
1195.8
1156.0
1164.2
1162.3
1169.2
1173.4
1167.9
1167.2
1158.8
1172.2
1156.2
1176.6
1171.9
1165.4
1164.8
1166.3
1170.7
1188.3
1174.1
1161.1
1133.3
1158.0
1173.8
1162.8
1178.0
1158.4
1172.0
1159.6
1160.6
1196.7
1164.7
1170.1
1169.7
1163.1
1148.9
1206.4
1164.2
1167.6
1172.6
1128.9
1171.6
1185.9
1158.1
1162.3
1161.3
1156.9
1165.9
1190.2
1159.2
1156.8
1159.7
1162.8
1157.6
1184.3
1157.2
1162.5
1159.8
1129.0
1159.2
1180.5
1130.2
1152.6
1162.4
1159.6
1166.5
1205.3
1166.6
1155.2
1152.9
1164.0
1160.3
1206.9
1158.5
1161.1
1157.8
1130.4
1164.9
1190.0
1153.7
1154.5
1165.8
1157.0
1165.7
1201.6
1156.7
1159.6
1157.6
1159.3
1171.3
1164.0
1169.4
1140.8
1158.1
1129.2