549904.1
10788.9
1371.1
14035.0
4713.1
3006.0
2209.2
1852.0
1303.0
1766.2
1282.9
1337.1
1796.0
1277.9
1281.0
1286.0
1756.2
1305.1
1279.1
1277.9
1286.0
1786.0
1347.8
1264.8
1278.9
1277.0
1319.9
1910.9
1279.1
1272.9
1293.2
1308.9
1286.0
1296.0
2042.1
1302.0
1268.9
1290.1
1276.0
1314.2
1268.9
1330.9
2008.2
1349.0
1278.2
1276.0
1300.1
1270.1
1279.8
1282.0
1270.1
1823.9
1273.9
1271.0
1272.2
1328.0
1303.0
1299.1
1278.9
1272.9
1272.0
1800.8
1294.9
1261.2
1276.0
1277.9
1279.1
1262.9
1230.0
1232.9
1245.0
1245.0
1781.9
1232.1
1266.0
1240.0
1238.1
1265.0
1235.0
1296.0
1237.2
1255.0
1252.9
1248.8
1789.1
1271.0
1243.1
1244.1
1251.9
1259.1
1248.1
1242.9
1245.0
1233.8
1243.8
1248.1
1270.1
1801.0
1234.1
1236.2
1236.9
1234.1
1300.1
1250.0
1259.1
1231.0
1237.2
1236.9
1239.1
1289.1
1249.1
1842.0
1244.1
1260.0
1282.0
1237.2
1238.8
1245.0
1236.0
1260.0
1241.9
1242.9
1244.1
1245.0
1251.9
1248.8
1814.1
1270.1
1240.0
1241.9
1237.9
1230.0
1242.9
1297.0
1252.2
1239.1
1267.9
1249.1
1243.1
1236.0
1246.2
1251.0
1250.0
1236.9
1294.1
1251.9
1252.2
1246.9
1772.2
1241.9
1238.1
1261.9
1232.9
1245.0
1255.0
1268.1
1260.0
1243.8
1269.8
1244.1
1238.1
1249.1
1226.9
1251.0
1251.9
1242.2
1782.9
1242.2
1256.0
1240.0
1239.1
1233.1
1233.1
1292.0
1234.1
1275.1
1241.9
1269.1
1307.0
1237.2
1247.9
1243.1
1259.1
1241.9
1244.1
1242.2
1260.0
1246.9
1291.0
1255.0
1244.1
1256.0
1853.0
1298.0
1256.0
1255.0
1239.1
1262.2
1239.1
1228.1
1297.0
1227.9
1246.9
1250.0
1300.1
1246.0
1237.2
1251.9
1270.1
1269.1
1245.0
1264.1
1256.9
1239.1
1241.9
1257.9
1852.0
1261.9
1246.0
1228.1
1291.0
1253.8
1255.0
1251.9
1292.0
1244.1
1238.1
1247.9
1261.0
1253.8
1251.9
1311.1
1256.9
1248.1
1260.0
1234.1
1249.1
1308.9
1281.0
1269.1
1249.1
1294.1
1266.0
2103.1
1261.0
1251.0
1270.1
1299.1
1268.9
1264.1
1256.9
1248.8
1271.0
1243.8
1245.0
1299.1
1250.0
1267.9
1240.0
1261.0
1257.9
1254.1
1261.0
1259.1
1240.0
1269.1
1304.1
1268.9
1241.9
1270.1
1285.1
1261.9
1868.0
1267.2
1313.0
1248.1
1242.9
1249.8
1266.0
1246.0
1247.9
1241.9
1244.1
1298.9
1242.2
1241.0
1251.0
1244.1
1267.2
1313.0
1272.0
1255.0
1252.2
1267.9
1268.1
1251.0
1262.9
1251.9
1245.0
1312.0