496310.0
2166804.1
322.1
1381499.1
5848.2
242.9
339.0
381.9
250.1
184.1
209.1
231.0
3307.1
150.0
164.0
138.0
142.1
134.9
134.0
141.1
135.9
144.0
135.2
140.0
136.1
134.0
138.0
134.9
253.9
141.1
206.9
139.0
217.2
140.9
205.0
139.0
222.9
141.1
205.0
150.9
213.9
141.1
202.9
140.0
227.9
142.1
205.0
139.0
218.2
140.0
214.1
141.1
213.9
139.0
209.8
140.9
220.1
140.0
201.0
140.9
214.1
140.0
214.1
138.0
216.0
139.0
205.0
143.1
225.1
140.0
201.9
140.0
217.0
148.8
206.0
140.0
220.1
141.1
202.9
140.2
213.9
145.0
202.9
139.0
225.1
140.9
201.9
139.0
214.8
140.9
217.9
139.0
227.0
139.0
203.1
140.0
222.0
140.9
204.1
139.0
215.1
146.2
206.0
140.0
215.1
141.1
203.8
134.0
219.1
134.0
203.8
144.0
224.8
139.0
206.0
139.0
222.0
140.0
216.0
140.2
217.9
139.0
204.8
140.0
222.9
140.9
206.0
139.0
215.8
150.9
205.0
141.1
217.0
139.0
204.8
150.9
219.1
142.1
204.1
140.0
219.1
140.9
211.0
141.1
220.1
133.0
212.0
141.1
207.9
141.1
205.0
140.9
230.8
140.9
203.1
141.1
241.0
150.9
206.0
140.0
220.1
139.0
210.0
144.0
224.8
142.1
203.1
145.0
227.0
140.0
205.0
139.0
217.0
133.0
219.1
134.0
221.0
140.2
203.8
147.8
220.8
140.9
201.0
141.1
217.0
146.2
204.1
141.9
212.0
140.0
204.1
148.1
219.1
140.0
204.1
139.0
230.1
140.0
206.0
139.0
218.9
140.0
211.0
142.8
214.8
140.0
206.0
140.0
221.0
140.0
201.9
140.0
215.1
148.1
202.9
140.9
220.1
140.0
205.0
144.0
234.8
140.0
206.0
140.2
232.9
140.0
201.0
140.0
214.1
142.1
216.0
140.9
219.1
139.0
204.1
140.0
214.8
140.9
201.0
140.0
217.9
147.8
201.9
139.0
214.1
140.9
213.1
145.9
218.9
141.1
201.0
141.1
226.0
140.0
205.0
139.0
221.0
145.9
212.2
139.0
216.0
142.1
200.0
145.0
218.2
139.0
203.1
139.0
215.1
147.1
206.9
139.0
217.0
140.0
208.1
149.0
221.0
138.0
205.0
139.0
231.0
140.0
209.1
139.0
232.0
140.0
216.0
141.1
222.0
139.0
202.9
140.0
216.0
140.9
204.1
140.0
221.0
141.1
201.9
139.0