45700.3
973.2
242.6
224.1
224.8
220.6
221.5
214.4
209.5
194.6
180.0
170.9
175.5
163.3
162.6
169.9
159.6
163.6
165.6
161.3
162.6
162.7
164.5
166.1
164.8
164.6
159.8
162.4
161.8
167.6
165.0
162.7
162.3
161.7
161.5
167.0
172.2
163.8
160.8
160.9
162.1
166.4
164.9
163.8
162.6
160.4
161.5
165.2
164.2
160.7
160.0
160.8
162.4
167.5
164.7
161.7
162.4
161.0
160.2
166.2
170.9
162.1
170.1
164.3
161.9
164.5
164.4
161.3
160.9
160.5
161.9
164.4
162.6
161.4
162.6
160.3
165.2
160.3
162.6
162.6
162.8
161.2
163.0
161.0
178.9
161.0
161.1
161.3
162.0
160.8
176.2
162.2
161.4
180.7
175.2
162.6
163.6
160.5
161.2
162.3
160.3
165.2
166.7
161.9
160.5
161.5
159.6
159.2
172.3
162.4
164.1
161.9
163.3
169.6
169.1
161.8
159.6
160.5
159.8
168.4
161.9
160.9
163.3
160.8
161.0
162.4
179.6
159.5
162.0
161.1
161.0
161.3
178.3
160.0
161.2
160.9
161.3
163.1
176.5
162.0
162.1
162.2
157.9
162.1
166.8
160.8
161.1
160.7
162.9
162.2
168.0
159.5
161.9
160.4
160.1
163.0
185.9
161.5
160.1
160.6
163.3
173.9
183.6
166.3
166.8
163.7
161.9
167.1
160.6
161.0
160.4
160.3
164.4
190.5
162.8
160.0
161.3
158.6
158.6
164.4
169.8
159.7
161.4
159.5
159.4
160.8
167.5
159.9
161.4
159.3
161.1
160.0
167.9
160.4
162.0
160.9
176.8
183.8
168.0
193.7
175.9
167.2
169.7
168.9
176.3
166.1
165.2
165.3
165.9
167.9
166.2
161.5
163.9
161.4
160.6
164.4
163.2
162.0
161.4
160.7
161.2
163.6
167.5
161.6
161.9
161.3
161.7
165.1
166.7
162.0
161.8
160.9
160.7
163.4
163.9
160.6
174.8
162.3
160.8
163.4
165.5
162.0
167.4
161.7
168.4
167.8
166.2
162.8
161.7
161.5
159.5
164.5
168.3
165.1
164.4
165.3
165.5
167.2
167.1
165.4
160.6
161.1
160.9
162.7
161.3
161.4
161.4
160.9
161.0
162.4
162.6
159.9
161.5
160.7
161.2
165.2
166.2
159.7
161.9
161.0
160.5
162.9
162.1
160.0
160.4
160.1
161.5
167.8
165.7
161.6
166.1
161.0
160.7
166.5
158.3
164.9
157.1
155.2
154.8
154.7