971074.3
1874.0
1669.9
1615.5
1605.0
1635.3
1625.8
1578.8
1588.6
1609.8
1588.1
1592.4
1586.2
1616.7
1587.2
1589.8
1611.0
1582.9
1582.1
1586.9
1617.4
1581.0
1578.6
1604.6
1572.8
1585.5
1597.4
1597.4
1587.9
1577.4
1695.4
1587.9
1582.9
1596.7
1627.4
1602.2
1574.8
1633.4
1580.2
1594.3
1596.5
1637.5
1571.7
1583.6
1647.7
1576.7
1578.6
1574.3
1659.9
1586.7
1568.1
1667.7
1630.3
1622.0
1628.4
1635.8
1627.0
1580.7
1630.3
1644.4
1584.8
1589.1
1582.1
1643.7
1580.5
1576.7
1634.8
1589.3
1570.2
1627.7
1616.2
1580.0
1599.3
1575.9
1627.2
1575.9
1579.8
1638.4
1573.3
1577.1
1575.5
1624.8
1573.6
1590.0
1643.7
1565.2
1571.2
1564.5
1636.3
1587.2
1565.9
1631.0
1592.4
1590.3
1581.7
1612.2
1579.5
1571.7
1634.6
1591.7
1572.8
1589.1
1663.9
1570.9
1590.7
1622.0
1636.3
1579.5
1580.0
1673.5
1616.5
1584.5
1592.2
1651.8
1634.4
1655.8
1616.0
1622.2
1570.0
1593.8
1676.1
1577.1
1577.9
1613.4
1618.9
1604.1
1585.2
1658.0
1567.8
1582.1
1619.3
1610.3
1577.6
1565.9
1686.3
1584.8
1565.0
1595.0
1594.3
1572.6
1583.3
1569.3
1571.7
1572.8
1589.3
1594.5
1581.7
1586.9
1575.2
1596.9
1579.8
1567.4
1576.2
1567.6
1593.6
1568.3
1590.7
1576.9
1563.8
1575.5
1561.4
1570.5
1564.5
1578.3
1578.3
1576.7
1588.3
1580.7
1581.9
1565.0
1581.0
1578.6
1569.3
1568.3
1557.4
1575.0
1591.4
1602.6
1577.6
1573.3
1576.2
1566.4
1569.7
1576.7
1575.0
1575.0
1558.5
1572.8
1580.5
1603.8
1582.1
1575.2
1574.0
1565.9
1574.8
1578.3
1567.4
1578.3
1572.1
1582.1
1572.6
1587.4
1574.5
1567.1
1586.4
1577.4
1584.1
1595.0
1575.9
1619.8
1570.2
1579.3
1565.7
1576.9
1579.0
1565.7
1574.5
1592.2
1575.7
1584.5
1596.2
1590.3
1571.7
1573.1
1575.0
1588.3
1581.4
1568.6
1591.2
1569.7
1602.6
1591.7
1587.2
1597.9
1575.2
1583.8
1586.0
1577.6
1586.0
1572.6
1599.8
1580.0
1591.7
1581.9
1570.5
1583.3
1570.7
1593.8
1581.2
1571.7
1586.0
1598.6
1581.2
1564.0
1574.8
1579.8
1570.5
1575.9
1561.6
1577.4
1572.6
1610.3
1575.2
1570.2
1576.2
1577.6
1572.6
1588.8
1578.3
1596.9
1621.0
1583.8
1600.7
1588.6
1585.7
1572.8
1582.6
1575.7
1577.6
1577.6
1568.1
1580.7
1572.8
1608.8
1576.7
1572.8
1582.4
1572.6
1582.4
1566.2
1575.2
1574.0
1573.3
1588.6
1565.7
1576.7
1577.6
1570.9
1578.6
1566.9