1181771.3
747.9
400.1
397.7
386.7
382.4
390.5
373.4
371.7
384.6
371.2
383.4
370.5
372.6
384.6
372.4
369.8
382.4
366.7
386.7
371.5
378.6
539.5
385.5
380.8
370.5
375.0
381.0
369.8
380.5
368.1
366.0
376.2
367.9
366.0
381.0
365.0
375.3
367.6
364.5
374.8
366.0
364.5
377.7
366.4
377.4
365.5
365.5
378.6
369.1
366.4
378.8
367.6
385.8
369.1
368.1
381.0
367.6
366.9
376.0
367.4
377.9
368.1
368.6
385.3
386.2
537.9
379.3
366.2
377.4
368.6
363.8
376.0
362.2
376.0
361.9
363.1
377.4
366.2
364.5
373.6
364.5
373.8
369.3
365.7
377.7
359.1
360.0
376.2
362.6
370.7
455.6
370.5
426.5
367.9
373.1
364.3
362.4
376.5
362.9
360.0
372.6
364.5
362.2
376.9
366.4
374.1
387.4
362.9
402.9
517.4
383.9
362.9
359.8
370.5
361.0
360.5
365.3
365.3
375.3
365.5
360.7
373.1
360.0
359.8
367.4
358.6
368.1
362.4
361.0
374.1
356.9
359.1
369.1
368.6
360.5
370.5
360.3
373.6
359.1
358.1
367.4
355.0
356.0
367.6
359.1
365.0
367.6
361.0
378.1
363.8
362.4
372.2
359.3
417.5
506.4
356.0
368.4
359.1
355.2
366.0
356.2
367.9
357.2
353.3
367.6
361.9
357.9
368.4
356.0
357.2
371.5
357.2
372.6
358.1
355.5
370.5
357.9
356.0
362.9
354.3
353.8
365.0
358.6
370.5
357.2
355.5
366.0
355.5
352.6
365.7
355.0
354.1
362.4
355.7
363.1
355.7
353.1
366.2
355.0
500.4
528.1
445.1
526.7
404.1
374.1
360.7
355.2
371.9
364.8
369.3
356.4
355.5
370.5
366.4
357.6
374.3
356.7
366.7
360.0
352.9
366.7
355.5
365.3
366.9
374.8
369.3
375.7
358.8
376.5
358.8
353.6
370.5
362.9
353.8
373.6
406.7
368.6
363.8
359.8
367.9
363.3
354.8
376.7
354.5
359.1
368.6
356.9
363.1
356.2
374.6
380.5
361.2
349.3
360.3
350.7
355.0
364.5
355.0
369.8
353.3
354.1
487.3
498.8
518.8
441.3
380.5
358.1
354.5
368.6
352.9
353.6
367.2
354.1
360.0
354.1
350.5
361.0
351.7
348.3
361.7
401.0
354.1
362.2
350.5
347.6
364.5
359.5
361.2
350.7
349.3
363.1
350.7
351.9
360.3
349.0
350.2
406.0
357.2
359.8