45613.2
972.0
247.3
230.1
211.2
221.7
221.5
215.4
210.5
199.8
167.3
162.4
164.0
162.8
163.2
173.9
163.8
162.2
160.7
162.4
162.6
172.1
163.4
162.5
163.2
162.0
161.6
162.5
166.3
163.5
164.3
161.6
170.3
163.4
163.8
161.1
162.4
162.6
169.8
165.1
164.4
161.9
162.5
163.8
168.9
160.4
161.9
161.4
162.6
163.4
168.5
162.5
163.6
163.1
161.4
161.2
161.2
162.8
160.8
162.6
160.1
161.2
165.6
169.9
161.9
160.8
161.6
161.7
162.7
171.8
161.6
162.7
161.1
162.5
161.8
173.9
167.3
162.3
161.6
162.8
161.5
170.0
162.7
161.8
164.5
160.8
159.8
171.0
167.8
161.3
162.2
161.4
161.6
169.5
161.2
165.5
161.7
161.8
161.4
168.7
159.9
161.2
161.3
161.2
162.3
170.5
162.7
161.5
161.0
160.9
160.6
171.6
162.8
160.5
161.6
162.0
161.3
190.3
160.7
162.6
162.0
164.0
160.8
172.1
162.3
161.5
160.0
160.2
160.8
171.9
161.7
160.6
162.1
162.5
161.8
170.6
163.0
161.1
163.1
161.9
160.8
173.8
161.6
161.9
161.3
160.1
161.1
170.6
163.4
166.0
161.0
160.6
158.8
169.2
161.6
162.1
161.8
161.4
158.3
171.3
162.1
158.5
162.0
159.8
162.3
170.7
161.8
158.0
160.3
160.0
161.0
168.0
164.4
160.6
162.9
159.0
161.7
162.9
161.5
159.5
160.9
159.3
159.3
162.5
161.5
162.1
161.1
158.4
159.5
160.7
160.9
159.6
162.3
159.8
159.4
168.8
160.6
158.4
159.7
160.3
158.4
165.9
161.1
158.7
160.7
157.9
158.0
160.1
165.3
159.8
166.1
159.7
160.9
160.1
165.4
157.7
160.5
160.1
158.4
159.1
166.6
158.9
159.9
158.6
158.9
158.4
169.3
159.9
159.7
159.4
158.9
160.7
161.8
159.9
160.2
158.7
157.6
160.6
163.4
174.6
166.3
160.1
160.3
160.6
160.0
166.7
161.3
158.4
159.0
158.5
161.3
161.8
159.5
161.0
158.8
159.1
163.5
162.4
160.1
160.0
158.5
161.4
162.9
161.1
159.4
159.7
159.1
160.2
159.8
168.4
161.9
160.5
160.1
159.1
158.8
171.0
165.3
158.7
159.2
159.6
158.8
169.2
161.6
160.1
159.8
161.7
159.3
168.5
163.1
159.7
159.5
158.5
159.6
161.8
164.2
158.9
158.7
158.9
159.0
161.0