1194195.7
26384.1
471.6
262.5
226.3
221.5
217.9
223.9
216.7
214.1
213.4
212.7
222.7
212.0
209.6
208.1
207.9
210.0
207.7
207.4
209.3
215.8
208.6
206.2
208.4
206.7
219.1
210.8
209.8
209.3
223.4
210.0
206.5
205.8
207.4
206.7
208.6
205.0
206.0
212.9
213.1
206.7
205.3
214.8
206.2
215.3
207.2
206.7
204.6
212.7
212.0
208.6
208.4
214.3
217.0
210.3
207.7
209.6
206.9
215.5
206.2
206.7
204.8
205.0
215.8
204.8
207.2
206.5
207.7
210.5
206.2
205.3
206.7
214.6
206.5
206.9
205.0
206.2
215.3
205.8
206.5
206.5
206.0
214.6
205.3
205.0
204.8
206.0
207.7
205.3
204.1
203.8
207.2
208.4
205.8
205.0
204.1
212.0
204.3
203.1
210.3
205.0
216.0
204.8
204.8
204.3
204.1
216.5
205.3
202.7
203.4
205.8
207.4
212.2
203.6
206.0
211.5
207.2
203.8
204.3
207.2
217.2
207.7
204.6
202.9
203.6
216.2
205.5
203.1
204.6
204.8
207.2
203.4
205.3
203.1
204.1
206.9
205.8
205.0
204.6
212.4
207.9
210.0
202.4
203.6
215.5
204.3
202.7
209.3
202.9
213.4
202.4
202.2
202.9
201.9
206.9
204.3
203.1
202.4
210.8
208.1
204.8
203.1
202.2
212.2
204.8
204.6
202.9
203.1
212.4
202.9
202.9
203.6
203.6
215.8
204.8
204.3
202.4
209.8
207.7
204.1
202.9
202.7
203.6
207.4
210.0
204.8
204.8
227.9
209.3
203.6
202.7
201.9
217.7
203.1
204.1
204.1
204.1
218.6
203.6
203.6
208.1
203.1
216.5
204.3
203.6
202.7
210.0
205.8
202.2
203.6
203.1
217.7
203.8
201.7
202.9
201.9
221.7
203.4
202.4
203.4
201.0
217.2
206.0
203.8
202.7
202.9
207.2
202.4
203.8
203.8
202.2
205.3
202.9
203.4
209.1
212.0
203.4
201.2
203.1
211.7
217.0
203.4
200.5
200.7
207.7
217.9
204.8
202.2
202.9
201.5
206.9
201.7
200.0
200.3
203.4
206.0
202.7
202.9
202.2
217.2
206.5
203.4
202.9
204.8
212.7
205.8
202.4
201.5
202.2
212.2
201.9
202.7
203.6
203.4
214.6
203.8
204.3
202.9
204.1
207.9
201.9
203.8
201.7
204.6
206.0
202.4
203.6
201.7
207.9
203.4
202.7
203.6
204.6
213.1
204.3
203.4
203.1
203.8
218.2