2353446.5
25711.8
456.8
231.0
204.3
196.9
207.2
194.5
193.6
191.9
193.4
201.5
191.7
195.5
192.2
190.3
199.3
190.3
189.8
188.6
188.6
198.8
191.5
191.9
191.2
190.5
201.5
193.8
190.7
190.7
190.5
188.6
192.2
191.5
188.6
188.8
189.8
194.3
189.8
190.7
189.8
190.3
200.3
191.7
188.4
189.5
189.3
206.0
191.2
191.5
190.3
190.3
197.6
191.0
189.5
191.5
188.6
197.9
191.0
187.6
186.7
188.4
188.4
189.5
194.3
188.8
187.6
191.0
191.2
187.2
188.1
187.9
187.6
194.5
189.1
188.6
188.4
187.4
196.5
188.4
188.8
187.2
188.8
187.6
187.9
187.9
189.5
188.1
189.3
191.9
190.3
190.3
188.6
189.3
195.0
188.8
187.6
188.1
187.2
196.2
188.6
203.6
190.0
191.2
198.6
189.3
189.3
188.8
188.1
196.5
191.2
190.5
189.5
189.8
188.6
191.2
188.1
187.2
186.2
187.2
199.1
187.9
188.1
189.5
192.2
197.2
189.1
187.2
187.6
189.5
196.2
189.5
186.2
188.1
186.4
188.4
192.6
194.3
228.2
226.7
203.6
190.5
190.5
189.8
192.4
200.0
191.2
188.8
189.3
189.8
187.6
191.7
190.0
188.6
190.7
226.3
206.2
189.1
186.9
195.0
190.5
192.6
191.7
191.0
188.8
188.6
197.9
187.2
186.4
185.7
186.0
196.2
186.2
186.7
186.4
186.0
194.1
188.6
186.0
185.7
186.4
186.2
190.3
188.1
186.9
186.0
186.0
195.5
184.5
186.2
186.7
186.9
196.0
186.7
185.7
185.3
185.5
191.2
188.4
186.4
207.7
191.9
187.6
188.6
186.0
186.4
191.5
195.7
190.7
189.3
193.6
188.4
188.4
196.7
186.4
192.6
186.2
188.4
193.8
188.1
185.3
186.2
184.1
185.0
186.7
186.9
185.7
186.2
192.2
190.3
184.8
186.4
187.4
185.3
194.8
186.2
185.3
186.4
186.7
191.5
188.4
185.3
186.9
187.2
186.2
191.9
189.3
190.3
189.3
186.2
190.7
188.6
187.6
188.1
187.9
196.0
187.4
186.2
188.4
185.5
193.4
192.6
187.9
188.4
188.6
188.6
191.2
188.8
186.7
186.2
187.2
189.5
186.4
185.5
186.2
184.5
195.5
187.4
185.5
186.4
186.2
192.9
187.4
186.2
186.0
186.7
186.7
188.4
188.6
187.4
187.9
187.2
196.0
186.7
185.0
186.2
187.2
199.8
195.5
188.4