548422.1
2257499.0
317.1
1376959.1
5786.9
252.0
339.0
417.9
255.8
158.1
241.0
257.0
3356.0
149.0
139.0
135.9
141.1
135.9
136.9
140.0
134.9
134.0
143.1
140.0
134.9
134.0
141.1
125.9
237.0
134.0
209.1
140.0
219.1
140.9
221.0
137.8
218.9
140.0
210.0
138.0
227.0
140.2
205.0
140.0
214.1
141.1
207.9
139.0
218.2
140.0
204.1
148.1
216.0
140.0
206.0
140.0
217.0
142.8
209.1
139.0
217.2
140.0
215.1
138.0
245.1
141.1
206.0
139.0
225.1
142.1
204.1
139.0
217.0
139.0
207.9
140.0
214.1
140.0
212.0
149.0
214.1
140.0
202.2
140.0
215.1
145.0
207.2
140.0
212.0
140.0
214.1
140.9
215.1
140.2
203.8
131.1
225.1
140.0
206.0
140.9
214.1
131.1
217.0
140.0
217.0
141.1
205.0
139.0
225.1
139.0
202.2
138.0
215.1
143.1
201.9
130.9
213.1
140.9
212.2
142.1
215.1
141.9
205.0
140.2
227.0
142.1
206.9
139.0
240.1
142.1
217.9
140.0
217.0
142.1
203.8
140.9
217.2
140.9
205.0
142.1
217.9
149.0
206.0
140.9
219.8
131.8
203.1
146.2
218.9
140.9
206.9
140.0
226.0
142.1
204.1
140.0
217.0
140.9
220.1
141.1
217.0
142.1
207.9
134.9
218.9
140.0
203.1
140.0
218.2
150.0
206.0
146.2
217.0
140.0
207.2
143.1
216.0
139.0
206.0
139.0
223.9
142.8
205.0
140.9
220.1
140.0
216.0
140.0
216.0
139.0
206.0
140.9
249.1
140.9
201.9
134.0
214.1
150.0
212.9
138.0
217.9
140.0
205.0
148.1
220.1
140.0
212.2
140.0
227.0
131.8
207.2
139.0
214.1
140.9
212.2
141.9
219.8
145.0
206.0
149.0
216.0
139.0
206.9
140.0
217.9
141.9
206.0
142.8
218.9
138.0
212.2
140.0
222.9
140.0
206.9
132.8
226.0
141.9
209.8
139.0
220.1
140.0
212.2
140.0
212.9
139.0
206.9
148.1
220.1
140.2
203.8
142.8
226.0
146.9
205.0
138.0
240.1
140.2
214.8
140.0
215.1
140.9
201.0
140.0
231.0
140.2
202.9
140.2
215.1
139.0
211.0
140.2
218.9
139.2
205.0
146.9
216.0
133.0
209.1
141.9
219.8
144.0
206.0
138.0
215.1
140.0
212.0
140.9
226.0
140.2
202.9
140.0
226.0
141.1
204.8
140.0
218.2
139.0
206.0
130.9