1610.4
223.3
198.4
166.9
163.2
161.5
161.2
160.5
168.8
161.7
158.6
158.2
157.3
157.9
169.5
159.6
159.7
157.4
159.0
158.4
160.7
159.4
159.7
159.1
159.1
156.9
158.7
160.1
156.3
158.0
157.0
156.6
161.6
160.2
159.0
156.9
156.0
155.2
157.4
168.2
157.8
157.1
157.2
155.8
155.9
163.7
157.8
156.4
157.4
155.8
155.8
159.3
163.4
156.5
156.8
157.3
156.1
157.9
158.1
156.4
155.6
157.2
156.5
157.4
165.5
158.6
157.2
156.6
156.4
154.9
164.0
157.4
157.8
157.9
158.0
156.8
159.9
157.6
155.2
156.1
156.5
157.3
157.7
158.2
156.4
157.9
155.5
155.1
163.7
158.1
158.3
158.6
156.9
156.7
156.4
164.4
155.9
156.1
159.0
156.5
154.9
159.0
159.1
157.1
156.1
155.4
156.5
157.1
157.5
157.7
156.8
157.6
156.5
162.0
158.0
156.5
157.1
157.8
158.0
155.9
165.1
156.4
157.1
156.3
157.1
157.3
157.0
158.1
157.7
156.4
156.7
155.5
156.6
158.5
156.2
156.3
157.2
156.8
162.6
156.4
156.6
156.7
157.6
156.1
158.1
165.4
157.0
155.1
156.8
157.2
156.7
156.8
157.1
155.6
156.9
155.5
155.3
157.2
157.6
155.2
157.1
154.9
156.4
157.3
164.4
157.3
157.9
156.2
154.9
156.6
167.8
157.8
158.1
156.6
157.1
156.2
157.3
159.1
156.1
159.0
157.2
155.7
160.7
158.8
156.3
155.8
157.2
156.2
162.8
158.9
158.3
156.7
157.5
156.3
156.1
165.5
158.9
158.3
176.4
176.3
159.1
187.9
159.0
156.4
156.2
158.1
155.7
172.9
157.0
156.1
156.7
157.0
157.2
165.4
158.8
158.1
157.5
155.2
158.0
165.7
160.1
157.0
155.9
156.1
157.1
158.9
159.9
156.2
159.9
160.3
156.8
160.7
159.8
158.9
155.5
159.1
156.5
156.3
163.5
156.6
158.6
157.6
156.3
156.7
166.1
156.4
156.4
156.3
155.4
155.7
158.4
158.1
157.8
157.3
156.1
156.2
160.9
157.2
155.0
157.3
155.9
157.7
157.4
164.6
157.0
155.5
156.5
156.9
156.2
163.7
155.5
154.9
156.6
156.2
156.9
159.6
160.4
157.6
155.0
155.6
155.0
159.2
157.6
156.4
157.0
156.6
155.1
154.6
163.5
158.4
155.9
156.6
157.1
156.4
158.0
156.6
156.2
153.9
156.6
155.0