2425821.1
31387.6
479.9
271.1
237.2
225.5
223.2
240.8
224.1
221.3
218.4
233.9
219.8
219.8
217.7
217.7
221.7
216.7
213.6
215.5
223.9
218.4
212.4
215.1
213.6
226.3
219.8
216.0
214.1
221.0
218.9
214.8
214.1
215.1
224.6
214.3
214.6
212.2
215.3
215.5
222.9
216.0
214.6
222.7
212.0
214.8
214.6
221.3
216.2
214.8
211.7
212.9
220.5
216.7
212.4
215.5
214.3
225.5
219.3
212.9
212.9
219.8
214.6
214.6
212.7
213.1
222.2
213.4
211.2
212.7
219.1
215.8
211.2
212.7
213.1
226.5
215.1
213.4
214.8
219.3
216.5
213.1
212.9
212.0
220.8
215.3
212.0
213.6
211.7
221.3
212.4
212.4
212.2
212.9
213.9
211.0
219.6
212.2
228.6
212.9
212.7
213.6
211.7
224.8
212.7
213.1
213.1
222.7
215.1
213.6
212.0
212.4
223.2
212.0
211.0
209.6
211.7
217.2
213.1
211.5
213.6
224.4
214.1
211.5
210.8
211.7
220.5
211.5
210.8
210.0
210.8
212.2
212.2
210.8
211.2
221.3
212.9
211.5
211.7
223.2
216.7
211.5
211.0
211.0
218.9
212.2
211.7
208.9
209.1
219.8
211.2
213.4
212.0
232.0
228.4
214.1
213.1
211.2
219.1
215.1
213.4
212.0
218.4
221.0
212.0
213.1
211.7
221.5
213.9
213.4
214.3
212.7
221.7
211.2
212.2
211.2
210.5
213.9
209.6
211.0
211.5
220.5
213.1
219.3
211.0
212.2
220.8
211.7
210.3
212.0
211.2
216.0
211.7
211.0
214.8
221.3
211.2
212.2
209.6
217.2
213.6
210.5
211.5
210.3
216.2
211.2
210.3
210.0
210.0
221.0
209.8
211.7
212.7
212.4
212.7
211.5
212.7
212.4
220.3
214.1
212.7
212.0
211.7
222.7
210.5
210.3
209.6
211.7
216.0
213.1
211.5
210.3
218.4
211.0
209.8
209.1
209.8
218.9
209.1
210.3
210.3
210.5
211.7
207.9
208.6
209.3
219.8
216.7
212.0
213.9
211.5
221.7
212.9
211.2
212.4
214.1
216.7
211.7
209.8
212.0
221.7
214.1
211.5
212.7
212.0
223.4
213.1
209.3
210.5
209.3
212.2
210.5
210.8
210.3
219.6
211.2
210.0
210.0
211.2
222.4
210.5
212.0
210.8
216.2
213.9
211.0
210.0
209.3
219.6
210.5
209.6
210.5
213.4
213.4
210.0
209.1
208.9
218.2
213.6
211.0