1654.8
252.2
201.1
183.6
182.7
181.5
182.3
179.5
160.6
159.2
159.9
169.4
161.5
160.3
160.7
158.1
161.3
165.1
162.2
161.8
160.8
157.6
157.8
160.8
161.5
159.6
159.8
159.2
158.7
163.3
159.4
158.7
157.9
157.6
158.6
165.5
161.4
156.8
158.9
158.6
157.3
156.1
166.5
159.4
159.0
155.6
157.1
157.4
167.6
158.4
158.5
158.1
158.6
157.8
159.8
159.6
158.4
157.4
157.8
156.1
158.8
159.1
158.4
157.4
158.2
179.7
165.4
163.7
162.5
159.7
159.4
159.3
164.0
160.7
160.0
160.2
159.9
158.9
161.2
164.1
161.2
162.0
163.4
161.1
159.4
173.9
159.7
160.8
160.3
160.3
161.0
172.9
161.0
160.6
161.2
157.7
159.9
170.1
159.5
160.8
162.5
161.3
159.3
169.6
159.6
159.2
160.5
158.6
159.2
171.1
161.6
159.8
160.4
160.9
159.1
170.2
160.2
160.4
160.0
161.8
160.1
164.7
161.9
159.6
160.0
160.1
161.4
163.1
162.6
159.0
159.5
160.8
160.7
162.0
162.5
159.5
158.5
160.4
162.4
163.4
161.9
159.9
158.9
159.3
161.5
165.6
159.8
160.1
159.4
159.5
158.7
161.3
170.1
159.6
160.4
161.3
159.6
160.7
172.0
160.8
160.7
159.0
159.6
160.1
173.2
161.4
160.8
160.6
160.6
161.6
169.0
159.3
158.3
159.3
160.2
159.6
173.5
160.5
159.8
156.9
157.7
160.0
162.1
164.1
161.1
159.8
159.3
158.6
164.5
160.6
161.0
160.0
158.9
158.2
164.1
166.8
162.7
161.0
157.7
158.6
160.3
158.8
161.5
157.1
159.1
158.2
162.4
163.7
160.0
162.1
159.1
159.6
158.3
170.4
160.1
159.5
161.7
159.8
159.5
170.9
160.0
158.4
161.0
159.5
158.1
170.2
161.2
159.8
159.7
160.6
160.6
169.2
161.7
159.8
161.1
165.0
162.7
177.2
166.9
162.1
161.2
161.7
160.5
173.5
164.8
160.0
160.9
161.3
159.3
172.6
161.2
161.7
157.3
160.0
161.0
164.0
164.2
159.5
160.2
159.1
161.0
164.9
163.2
160.4
159.5
160.3
161.2
163.4
160.4
157.8
160.3
159.4
161.3
161.7
162.9
160.4
159.2
159.3
159.2
164.4
162.6
160.3
158.3
159.7
156.8
158.1
171.2
160.3
161.1
160.0
159.4
158.7
170.1
159.1
158.8
161.2
159.1
158.6
169.1
161.6