3232174.9
590.8
380.0
374.1
364.3
340.7
350.2
344.5
347.4
342.8
336.6
353.6
346.2
340.9
348.3
339.5
335.2
359.5
334.5
334.0
342.4
336.6
335.0
342.6
334.0
330.2
344.5
331.4
332.6
337.8
328.3
328.3
335.0
326.9
328.3
336.9
330.2
329.0
340.0
336.2
332.6
341.7
332.1
329.7
335.7
327.3
329.0
337.4
331.9
330.4
336.6
335.7
330.2
341.2
332.4
330.2
340.0
338.1
332.4
342.1
331.6
332.4
342.8
329.3
331.6
340.9
329.5
330.2
338.6
335.9
329.7
341.9
330.9
332.8
344.5
330.9
337.6
332.6
328.1
348.3
335.5
341.4
344.8
336.4
331.2
340.9
331.6
330.0
339.3
330.4
330.4
340.7
331.6
330.0
341.2
326.9
328.5
339.5
327.6
337.4
347.4
331.6
333.5
343.8
333.1
332.1
353.1
332.8
328.8
340.9
333.1
329.7
348.1
334.7
333.1
365.5
336.6
336.9
346.2
333.1
334.5
335.7
331.2
332.1
335.9
329.0
327.3
343.3
327.8
333.1
339.3
328.3
330.2
339.5
329.5
328.8
339.5
329.3
328.3
336.2
329.0
328.1
337.6
328.3
329.7
335.9
328.1
327.8
338.1
332.1
325.4
334.7
329.7
328.5
340.7
330.9
331.2
340.0
326.9
330.9
337.6
324.2
327.6
339.7
327.3
328.5
352.6
330.2
327.6
336.4
326.2
327.1
338.3
327.8
326.9
336.9
328.5
326.6
337.4
329.0
329.3
339.0
330.2
330.4
333.3
328.8
335.2
332.6
328.8
340.7
328.3
325.9
336.6
328.8
325.4
333.8
329.5
324.2
326.2
336.9
325.9
327.6
337.1
325.7
325.4
339.3
328.1
333.3
347.1
328.3
335.9
334.5
326.2
334.7
332.1
325.7
332.8
330.9
326.9
336.9
328.1
327.6
335.7
329.0
327.8
336.9
331.2
327.1
334.5
328.5
326.9
335.0
329.0
329.0
332.8
328.3
326.4
334.7
330.2
326.6
346.2
332.6
331.4
336.2
330.4
334.3
337.6
334.3
328.1
340.5
327.8
328.5
340.7
336.2
329.7
340.5
329.5
329.5
338.6
331.9
328.3
340.0
328.5
328.1
352.9
327.8
332.1
336.2
328.3
328.5
354.8
329.0
328.8
336.4
326.6
328.3
336.4
326.9
328.1
347.1
327.1
327.3
341.2
330.2
328.5
335.7
327.1
326.9
336.9
329.7
327.1
339.3
329.7
330.7
339.5
330.2
340.5
339.3
328.1
326.9