479316.5
1844.4
1631.5
1593.8
1631.5
1609.1
1566.4
1579.0
1560.2
1576.4
1573.3
1585.0
1569.5
1579.3
1573.3
1575.0
1562.4
1565.5
1557.6
1593.8
1557.1
1564.7
1567.1
1555.2
1571.9
1564.5
1572.6
1556.2
1572.6
1549.0
1567.6
1562.4
1552.1
1560.9
1605.3
1585.0
1554.0
1573.3
1564.7
1559.0
1584.5
1557.8
1570.5
1566.4
1570.5
1562.6
1556.6
1568.1
1560.9
1573.1
1568.1
1564.7
1563.5
1550.9
1565.7
1556.4
1573.8
1567.6
1569.3
1569.3
1563.3
1567.6
1562.1
1624.8
1556.4
1572.4
1587.4
1558.5
1570.7
1560.7
1572.4
1550.9
1596.7
1570.9
1550.2
1581.9
1563.5
1565.7
1565.0
1576.2
1568.3
1552.1
1577.9
1562.1
1563.3
1557.4
1572.1
1562.8
1578.3
1570.9
1559.3
1613.6
1558.1
1570.5
1575.5
1565.2
1571.7
1558.3
1577.1
1563.1
1565.2
1572.8
2530.1
1838.9
1589.5
1572.4
1582.1
1560.9
1584.3
1574.3
1575.5
1573.3
1575.7
1580.5
1558.3
1581.9
1565.5
1559.0
1561.6
1564.3
1578.8
1558.5
1576.7
1565.0
1571.9
1567.6
1567.6
1584.3
1561.9
1572.1
1568.8
1564.3
1576.9
1571.9
1684.4
1692.1
1572.1
1575.0
1564.7
1575.0
1560.0
1571.4
1585.7
1561.2
1570.2
1581.2
1570.7
1558.3
1571.9
1568.6
1566.4
1577.1
1555.2
1562.8
1564.7
1569.7
1581.4
1563.5
1570.5
1557.1
1564.0
1552.6
1590.3
1565.7
1566.6
1566.9
1561.9
1576.7
1560.0
1576.4
1571.2
1552.1
1563.1
1560.4
1613.1
1555.4
1587.4
1574.8
1559.7
1569.7
1556.2
1570.5
1565.9
1572.1
1583.8
1564.0
1569.5
1557.8
1569.5
1563.1
1574.8
1561.6
1559.0
1637.5
1558.5
1585.2
1581.7
1559.0
1563.5
1561.6
1566.4
1579.5
1589.5
1564.5
1556.2
1566.6
1553.8
1576.9
1575.7
1581.9
1569.3
1559.5
1571.4
1561.4
1574.5
1564.0
1585.0
1563.1
1552.1
1565.2
1557.1
1565.9
1566.4
1566.6
1561.9
1559.7
1565.7
1571.2
1566.4
1558.5
1569.7
1555.7
1565.5
1576.7
1563.5
1566.2
1568.6
1578.3
1562.6
1577.9
1577.6
1560.0
1570.7
1619.6
1581.2
1572.8
1568.6
1583.1
1560.9
1578.6
1565.7
1584.5
1575.9
1588.1
1595.7
1557.8
1574.5
1623.2
1555.9
1570.2
1565.0
1573.1
1569.7
1567.8
1694.4
1579.3
1577.9
1577.1
1560.9
1560.9
1565.0
1570.5
1559.7
1586.4
1558.8
1560.9
1565.2
1555.7
1573.1
1556.6
1566.9
1547.1
1560.9
1544.7
1586.0
1571.7
1580.2
1564.7
1557.6
1570.2
1567.8
1564.0
1576.4
1553.8
1566.2
1557.8
1560.0
1558.8
1567.6
1580.0