44222.0
969.8
215.0
190.9
191.1
186.5
184.6
182.5
192.2
215.7
181.9
176.5
175.9
175.3
178.8
163.3
155.7
155.0
156.0
157.8
166.0
158.6
158.1
157.3
158.2
156.3
162.2
156.5
158.0
156.9
156.9
155.6
160.4
159.1
156.3
155.7
154.5
156.3
160.7
162.0
155.2
156.7
154.8
154.9
152.9
164.3
156.7
156.3
156.2
154.3
156.5
165.4
156.8
153.7
156.6
156.0
155.7
177.8
171.4
164.6
164.6
164.9
170.0
166.8
167.3
163.8
166.1
164.1
163.7
174.3
166.8
164.2
163.6
163.9
163.8
176.7
166.4
164.7
164.5
164.9
163.4
173.2
164.6
164.3
163.8
166.1
164.8
176.7
166.0
164.6
166.1
164.8
165.2
174.2
164.5
165.0
164.7
164.5
169.2
167.2
165.0
164.2
165.5
164.2
168.3
167.1
165.3
164.2
166.2
165.5
170.2
166.1
165.5
164.0
165.3
164.6
170.8
166.5
166.4
164.1
166.2
165.0
165.5
166.3
165.2
165.7
165.6
164.4
166.2
168.0
164.8
166.6
163.9
165.7
167.0
166.3
165.2
165.1
165.4
165.5
165.0
165.9
163.6
165.1
164.0
167.1
169.8
166.6
163.9
172.5
164.2
166.8
174.8
165.9
166.0
163.7
164.0
163.6
174.6
166.2
163.8
163.5
163.8
164.5
174.5
166.9
164.2
162.7
163.7
162.9
173.3
162.9
167.5
162.6
164.6
163.1
173.0
163.3
163.5
163.9
163.5
164.1
174.0
163.6
163.6
163.6
162.4
163.7
172.7
163.6
163.8
162.8
163.0
170.4
165.1
163.0
164.3
163.7
163.8
168.3
165.7
163.0
163.9
162.8
163.4
167.2
166.4
161.3
164.0
163.1
162.2
168.3
165.0
162.9
163.3
163.4
163.4
164.9
165.0
163.4
162.9
163.0
162.2
168.5
165.1
164.7
162.6
162.5
162.3
167.3
164.9
162.8
162.8
163.4
162.6
167.8
166.3
162.7
163.1
163.4
163.0
170.5
165.7
165.0
162.7
167.5
162.6
166.9
167.3
167.0
165.6
167.4
156.0
160.4
156.7
155.4
153.4
154.9
154.4
154.3
162.1
157.1
154.4
153.4
153.8
154.3
156.4
154.6
154.3
154.4
154.7
154.9
155.9
156.0
154.6
154.1
154.3
154.3
153.6
160.7
156.1
156.2
153.8
153.4
153.0
153.4
156.0
153.9
153.5
154.2
154.2
160.0
156.9
153.9
154.0
156.3
154.5
154.7
163.3
155.3