1173079.3
749.6
410.8
390.5
410.8
384.8
386.5
382.2
378.8
409.1
378.4
379.8
399.4
374.8
400.1
377.4
373.1
382.7
375.3
407.2
374.3
371.2
399.8
374.3
384.8
380.3
375.5
408.9
374.3
370.5
401.0
372.4
401.5
378.8
375.0
396.0
374.6
393.6
375.7
373.4
405.8
376.7
371.9
400.8
373.1
399.8
370.7
370.0
377.4
370.3
392.2
375.7
371.7
402.2
373.8
371.5
404.8
375.0
385.5
370.3
369.8
390.3
371.5
382.7
376.2
366.9
404.4
371.9
368.4
383.9
370.0
401.0
371.9
367.2
395.8
369.5
370.7
395.1
369.5
378.8
368.8
364.3
396.5
372.4
385.0
380.3
370.7
400.1
371.5
368.1
376.7
369.3
400.8
374.1
370.0
392.4
369.8
364.1
395.1
366.9
375.5
369.5
366.0
393.9
369.8
379.1
378.6
365.0
401.3
371.7
368.8
391.0
365.0
395.3
370.7
367.6
392.4
366.7
367.2
396.5
371.7
385.0
374.1
371.9
400.3
366.2
374.1
377.4
366.0
394.8
374.6
366.4
375.7
365.3
381.0
378.1
366.4
401.3
372.9
370.7
391.0
366.2
372.2
367.9
367.6
397.7
366.7
370.3
399.8
370.7
397.9
374.6
367.6
399.4
368.4
391.5
373.4
369.1
403.2
369.1
371.7
401.3
368.8
382.7
369.1
370.5
395.3
368.8
385.3
379.8
365.7
396.5
370.5
366.9
376.9
370.0
380.5
372.6
366.4
399.4
370.0
366.9
390.1
367.2
374.3
369.8
368.1
399.8
366.0
372.6
405.8
371.0
398.4
368.8
367.2
394.8
368.1
375.5
377.7
368.4
399.6
369.3
367.9
387.7
370.0
396.3
379.8
369.1
396.7
385.5
376.2
384.3
367.4
399.8
368.8
368.4
375.7
366.4
385.3
377.4
370.3
398.4
370.0
368.6
391.5
365.7
372.2
366.7
365.7
397.9
369.5
365.3
402.2
371.0
395.8
374.6
372.6
386.0
388.1
394.8
370.7
366.7
395.1
367.4
366.0
394.3
367.6
381.0
365.7
370.0
397.4
369.1
367.4
397.0
370.0
395.8
368.8
366.0
373.1
363.8
376.9
384.3
368.6
406.3
367.6
367.2
391.5
368.8
379.3
364.8
366.2
399.4
368.4
365.0
396.5
370.0
395.3
368.4
368.6
399.8
368.8
377.9
385.0
371.7
397.0
368.4
366.2
387.7
367.9
379.6
372.9
365.3
398.6
371.5
367.2
401.0
370.3
397.7
372.9
368.8