105370.0
12111.9
281.1
22388.2
3897.0
215.1
306.8
363.8
222.0
148.1
211.0
227.2
3016.9
147.1
137.1
135.9
141.1
140.9
134.9
139.0
145.0
137.1
134.9
139.0
138.0
128.0
139.0
154.0
227.9
142.1
206.9
139.0
225.1
141.9
206.9
142.1
237.0
140.0
213.1
141.1
216.0
140.9
211.0
147.1
217.9
141.1
208.9
140.0
216.0
149.0
206.9
140.9
214.8
140.0
203.1
141.1
213.9
140.2
207.9
140.0
222.0
141.1
203.8
132.1
215.1
142.1
216.0
140.0
212.9
143.1
205.0
140.0
253.0
140.0
206.0
141.9
216.0
148.8
198.8
139.0
213.9
140.0
221.0
143.1
224.1
140.0
205.0
141.1
220.1
140.0
205.0
139.0
216.0
140.9
219.1
140.0
213.1
140.0
208.1
139.0
242.0
141.9
202.9
140.0
212.9
152.1
208.1
140.0
212.9
139.0
205.0
144.0
219.1
140.9
207.9
140.0
222.9
142.1
208.9
141.9
214.1
141.1
222.0
141.1
216.0
141.1
202.9
141.9
227.0
135.2
210.0
142.1
212.0
152.1
207.9
140.0
220.1
141.1
206.9
143.1
214.1
140.9
207.9
139.0
223.2
134.9
205.0
140.0
211.0
133.0
215.1
141.9
214.1
141.1
206.0
139.0
231.0
141.9
204.1
140.0
214.8
150.0
212.9
140.2
235.1
141.9
206.0
134.0
216.0
140.9
206.0
141.9
222.9
135.9
206.9
140.0
217.2
140.9
263.2
140.9
216.0
141.1
204.1
140.9
220.1
140.0
206.0
140.0
217.9
150.0
208.1
140.0
214.1
140.0
206.9
142.1
217.9
140.0
204.1
141.1
223.9
140.9
212.0
138.0
216.0
140.9
215.1
134.0
216.0
139.0
206.0
146.2
217.0
140.2
202.9
142.1
212.0
145.0
210.0
140.9
216.0
140.9
212.9
143.1
215.1
141.1
210.0
140.9
242.9
143.1
201.9
137.8
214.8
140.0
212.0
142.1
216.0
140.2
206.9
152.1
217.9
140.0
212.9
140.9
220.1
141.1
206.0
141.1
215.1
140.0
216.0
140.2
216.0
140.9
204.1
140.2
242.9
139.0
210.0
141.1
216.0
142.1
208.9
140.2
212.9
139.0
208.1
148.1
218.2
141.9
202.9
141.1
213.9
140.9
210.0
141.1
214.8
140.2
211.0
142.1
218.9
140.9
214.1
140.0
229.1
141.9
202.9
133.0
211.0
143.1
210.0
139.0
237.0
140.0
204.1
149.0
216.0
140.0
210.0
139.0