3180738.2
573.9
388.4
367.2
365.5
369.1
343.1
338.3
362.6
338.3
336.4
348.1
336.9
339.3
383.6
333.5
348.8
335.2
334.0
345.2
332.6
332.1
344.5
330.4
331.9
343.8
340.0
332.4
347.1
332.4
333.8
365.5
340.2
331.9
344.3
333.1
331.6
342.6
326.6
330.4
338.3
331.6
334.5
338.3
329.7
329.5
344.5
328.5
328.5
335.2
328.5
325.2
335.9
325.2
325.4
333.5
330.4
330.9
338.3
332.1
328.8
350.5
331.6
331.6
334.0
328.5
325.4
333.8
324.0
325.0
336.9
330.9
329.3
338.6
327.6
327.6
336.2
329.0
334.7
337.1
330.4
327.6
333.3
329.0
325.7
341.4
332.6
331.2
344.8
328.8
329.0
337.6
323.5
327.3
337.1
326.6
325.0
336.6
326.2
323.8
332.8
327.3
325.7
333.1
326.2
322.8
334.3
327.1
325.0
332.6
325.2
326.9
352.6
331.6
328.3
335.9
327.3
333.5
338.6
337.6
330.9
335.2
328.5
329.7
333.3
328.8
327.6
341.2
327.1
328.3
335.7
325.7
323.5
332.6
324.7
325.0
332.1
323.3
324.5
336.9
325.2
325.9
336.6
329.0
325.7
334.0
323.8
330.2
336.4
325.9
323.3
336.4
323.3
322.6
341.4
325.0
323.8
337.6
325.2
325.2
337.1
324.5
326.4
341.9
324.5
324.5
337.1
325.4
325.7
335.0
325.0
327.8
337.1
326.2
324.0
335.9
329.3
331.4
335.9
324.2
322.3
337.6
325.9
325.2
338.3
325.7
331.9
340.0
327.8
327.3
339.7
326.9
323.5
334.5
325.2
324.7
334.3
323.5
326.6
352.6
325.2
328.5
334.5
324.5
325.2
336.4
323.3
322.6
340.7
327.6
322.1
362.6
325.2
326.2
338.6
324.0
322.6
337.8
329.0
326.2
335.9
325.7
325.2
334.5
327.8
326.6
344.3
325.9
325.4
358.8
353.8
351.2
340.9
331.2
332.4
345.5
329.3
335.7
338.3
326.4
331.4
335.7
325.2
324.0
333.8
327.6
326.4
339.7
324.7
325.4
338.6
325.9
326.2
336.6
325.7
325.9
335.7
325.2
325.4
334.3
325.7
325.9
361.2
331.6
324.2
339.7
328.1
325.9
340.7
327.3
325.4
334.7
325.9
324.2
338.3
327.8
327.6
338.8
325.0
333.1
336.4
328.3
324.2
336.4
324.2
324.2
335.2
326.2
324.7
336.6
325.7
326.2
337.4
328.8
326.2
336.2
325.9
323.3
338.1
325.2