967726.5
1932.9
1636.0
1606.0
1608.4
1585.5
1586.4
1595.3
1579.3
1581.7
1579.3
1601.7
1574.0
1588.3
1573.1
1564.5
1635.1
1570.2
1576.7
1566.4
1579.8
1581.4
1569.0
1596.7
1565.0
1576.2
1585.5
1570.7
1606.0
1619.1
1581.2
1574.5
1566.6
1577.1
1569.3
1574.5
1580.7
1576.9
1585.7
1564.0
1576.7
1563.1
1592.4
1561.4
1577.4
1624.3
1563.3
1574.0
1576.4
1581.7
1572.8
1569.0
1588.8
1570.0
1572.4
1573.3
1579.3
1585.0
1569.7
1616.7
1585.2
1592.4
1591.9
1562.1
1570.7
1581.9
1573.8
1574.0
1575.7
1610.8
1571.7
1599.1
1561.9
1604.1
1584.5
1596.5
1581.4
1572.8
1574.0
1565.7
1588.3
1572.1
1575.0
1572.1
1565.7
1574.5
1613.1
1573.6
1576.4
1561.9
1572.8
1567.6
1586.2
1592.6
1568.3
1582.1
1593.8
1577.6
1576.4
1570.5
1617.9
1570.0
1583.6
1564.5
1583.3
1583.1
1577.6
1578.8
1576.2
1579.3
1579.5
1576.9
1591.2
1599.8
1579.3
1565.7
1641.3
1638.2
1570.9
1579.8
1586.0
1576.9
1574.5
1597.4
1579.5
1579.0
1578.3
1574.3
1566.9
1588.3
1563.5
1680.6
1572.8
1569.5
1581.7
1569.3
1577.4
1581.7
1591.0
1586.2
1564.0
1572.8
1570.0
1574.8
1572.8
1575.5
1576.7
1564.0
1582.9
1570.5
1596.2
1575.2
1568.1
1636.7
1574.3
1579.8
1591.4
1575.0
1585.2
1577.6
1627.0
1570.9
1581.7
1582.6
1570.5
1577.1
1572.1
1578.8
1578.8
1565.7
1580.2
1577.1
1575.5
1567.4
1615.3
1601.7
1566.2
1575.0
1570.5
1575.2
1574.3
1585.2
1590.5
1565.5
1578.8
1570.9
1575.2
1579.8
1621.7
1577.4
1568.8
1578.8
1593.1
1567.1
1607.4
1575.5
1578.3
1567.4
1574.8
1573.8
1567.1
1584.3
1619.1
1581.4
1582.6
1570.5
1575.7
1566.2
1577.1
1569.0
1579.5
1574.8
1572.8
1589.5
1576.7
1576.7
1638.2
1636.7
1578.3
1568.6
1591.4
1578.6
1568.8
1599.3
1562.4
1582.4
1569.0
1578.1
1572.1
1575.9
1577.1
1567.8
1624.3
1587.4
1582.6
1577.1
1570.7
1573.1
1580.2
1594.3
1573.3
1569.5
1587.9
1575.0
1588.1
1588.1
1608.8
1584.1
1563.1
1571.2
1576.7
1596.9
1594.8
1560.2
1578.6
1569.5
1586.7
1588.3
1575.0
1578.3
1565.2
1578.8
1604.6
1584.1
1580.5
1770.5
1736.2
1590.5
1584.5
1570.5
1568.1
1584.8
1582.4
1561.6
1610.3
1573.6
1580.2
1578.8
1623.2
1588.6
1580.5
1573.3
1578.6
1574.8
1595.5
1572.4
1584.3
1571.2
1577.4
1580.5
1612.4
1577.4
1568.8
1593.8
1588.3
1590.5
1608.6
1575.5
1576.7
1562.6