555544.9
2266016.0
310.9
1376261.9
5502.0
233.9
309.0
359.1
230.1
155.9
220.1
235.1
2906.1
139.0
135.9
127.1
134.0
127.1
129.0
132.1
129.9
130.2
126.8
132.1
126.1
127.8
131.1
128.0
237.0
138.0
190.0
132.1
199.1
134.0
191.0
134.0
201.9
132.1
190.0
133.0
196.9
138.0
190.0
133.0
198.1
131.1
189.8
135.9
198.8
132.1
189.1
131.1
197.9
145.0
186.9
128.0
195.0
133.0
186.9
145.9
198.1
131.1
187.9
131.8
207.2
140.9
192.2
133.0
196.0
130.9
187.9
139.0
202.2
128.0
187.9
129.9
200.0
139.0
189.1
129.9
200.0
128.0
190.0
141.1
204.1
133.0
185.0
132.1
200.0
139.0
191.0
130.9
217.9
131.8
191.0
147.8
197.9
131.1
191.0
133.0
199.1
142.1
191.9
134.0
198.8
134.0
193.8
139.0
197.9
131.8
188.1
131.1
196.9
142.1
191.9
132.1
198.1
134.0
191.9
141.1
201.9
132.1
187.2
131.8
207.9
139.0
189.1
133.0
199.1
132.1
191.0
138.0
196.0
128.0
188.1
130.9
201.0
130.9
192.9
132.1
200.0
133.0
189.1
129.9
199.1
132.1
187.9
131.8
200.0
134.2
190.0
133.0
196.9
134.0
190.0
136.9
219.1
131.1
186.0
132.1
198.1
134.0
201.0
132.8
205.0
131.1
186.9
131.8
201.0
132.1
191.9
132.1
204.1
132.1
190.0
132.1
199.8
131.8
197.2
132.1
207.9
131.1
189.1
133.0
198.8
135.9
200.0
130.9
196.9
131.8
191.0
133.0
212.0
133.0
192.2
130.9
196.0
129.9
194.1
131.1
197.9
130.9
191.9
212.0
268.9
151.2
228.9
147.8
239.8
150.0
217.0
145.9
230.1
145.0
218.2
141.1
217.0
140.0
204.1
146.2
237.0
140.2
210.0
140.0
222.2
140.9
202.2
139.0
215.1
139.0
219.1
140.0
206.9
140.0
204.1
134.0
224.1
140.0
209.1
140.2
216.0
140.9
203.8
139.0
217.0
143.1
209.1
145.9
217.2
140.0
201.9
142.8
215.1
141.9
210.0
139.0
213.9
140.0
213.9
140.0
217.0
139.0
207.2
141.9
223.2
143.1
209.1
140.0
216.0
160.9
236.0
142.1
224.1
140.9
206.0
144.0
217.9
141.1
211.0
140.9
228.9
142.1
205.0
140.0
237.9
141.9
218.2
139.0
221.0
142.1
206.9
141.9
226.0
141.1
205.0
140.9
229.1
148.1
205.0
140.0