115010.0
12270.9
281.1
23512.1
4277.0
171.9
298.0
351.9
226.0
139.0
212.0
232.2
2286.0
149.0
138.0
128.0
147.1
134.9
141.9
140.2
136.9
136.1
140.0
140.0
136.1
134.0
145.0
135.2
238.9
143.1
205.0
140.2
219.1
142.1
205.0
140.0
216.0
154.0
206.0
140.2
216.0
140.0
203.1
143.1
220.1
140.9
216.0
140.0
235.1
145.0
225.1
155.0
221.0
149.0
216.0
140.2
216.0
142.1
211.0
154.0
215.1
142.1
205.0
132.1
248.0
142.1
207.9
140.2
216.0
142.1
216.0
140.9
218.2
141.1
248.0
142.1
226.0
140.9
209.1
140.0
218.2
151.9
209.8
139.0
215.1
142.1
212.0
142.1
223.9
142.1
207.9
140.2
217.9
140.0
206.0
139.0
218.2
140.9
217.2
139.0
219.1
140.9
206.2
151.9
232.0
145.9
214.1
140.9
219.1
142.1
206.9
140.0
219.1
140.9
214.1
142.1
213.9
140.9
207.9
142.8
226.0
140.9
204.1
183.1
278.9
195.0
263.9
183.1
318.1
226.0
268.9
151.2
259.9
154.0
231.0
144.0
220.1
143.1
206.0
152.1
221.0
142.1
207.9
140.9
226.0
141.1
206.9
140.2
220.1
143.1
222.9
142.1
217.9
140.0
204.1
139.0
229.1
133.0
223.2
140.9
222.0
165.0
212.0
133.0
224.8
143.1
204.1
143.1
218.2
141.9
206.0
140.9
237.9
142.1
207.9
140.2
220.1
141.9
216.0
140.9
218.2
148.1
212.9
147.8
217.0
143.1
204.8
140.9
227.9
144.0
206.9
140.0
251.1
142.1
220.1
142.1
222.9
140.0
203.8
139.0
234.8
141.1
205.0
145.9
233.2
142.1
209.8
139.0
216.0
139.0
217.9
140.9
229.1
140.9
204.8
141.9
227.0
141.9
205.0
140.0
222.9
140.0
206.0
168.1
224.1
139.0
205.0
149.0
221.0
139.0
203.8
139.0
211.0
142.1
205.0
140.9
222.0
142.1
218.9
132.8
214.8
140.9
210.0
139.0
229.1
139.0
203.1
139.0
215.1
142.1
217.9
141.1
226.0
140.9
199.1
157.1
241.0
133.0
204.1
140.0
226.0
142.1
206.0
141.1
213.9
140.0
213.1
138.0
220.1
139.0
205.0
140.0
228.9
140.0
205.0
141.1
224.1
150.9
206.0
140.9
213.1
139.0
203.1
150.0
219.1
139.0
232.9
142.8
225.1
141.1
207.9
141.1
226.0
140.0
218.9
141.1
214.1
133.0
202.9
139.0