3159663.9
558.9
374.1
351.7
344.5
369.8
337.8
351.2
348.6
337.6
350.5
342.4
337.1
352.9
339.7
337.4
348.1
335.9
336.6
343.8
334.0
334.0
370.7
338.8
332.4
347.1
339.5
333.3
348.8
335.5
331.9
340.0
334.3
333.1
343.3
332.6
329.7
339.3
329.7
340.5
345.0
338.1
345.2
335.9
333.1
341.7
333.5
336.4
341.4
333.8
332.6
340.2
333.5
334.0
342.4
333.5
330.9
345.0
328.3
330.2
339.7
330.0
333.1
341.4
331.6
331.9
341.7
330.2
329.5
338.1
330.0
330.9
351.4
347.6
332.8
344.5
337.1
333.1
343.1
334.0
328.1
339.3
333.1
331.2
338.1
328.8
330.2
338.3
332.4
331.4
339.0
330.2
330.2
337.8
332.6
328.1
339.7
338.8
331.6
347.4
342.8
332.6
375.5
335.0
356.2
339.3
331.6
342.4
331.9
331.6
341.7
329.3
326.6
340.0
329.7
329.7
348.8
334.3
335.7
345.0
337.4
326.9
337.8
330.0
330.2
338.6
329.3
331.4
340.9
334.5
330.4
341.7
330.4
328.8
339.3
330.7
327.6
338.8
328.8
330.2
341.2
329.0
332.4
340.9
329.7
328.8
340.9
332.6
332.1
340.5
331.2
327.3
355.0
331.2
328.1
340.9
329.0
329.5
340.9
329.0
331.2
339.0
329.5
329.7
340.7
329.3
327.6
375.3
354.8
331.6
371.2
342.1
339.7
335.7
332.8
341.4
333.8
331.9
344.8
333.1
332.8
361.0
333.1
333.8
345.7
333.8
333.1
350.5
332.8
334.0
345.5
333.1
331.6
362.9
333.1
332.4
354.8
337.6
336.4
344.0
333.5
334.7
349.3
331.9
329.7
349.8
331.2
330.4
356.0
337.1
333.5
347.1
331.6
341.2
336.2
336.2
352.6
336.2
333.3
341.7
333.8
332.4
355.5
338.3
335.0
347.1
347.6
334.5
364.5
336.6
345.9
341.7
331.2
332.4
352.6
335.0
332.8
344.3
332.4
334.7
352.6
333.1
333.8
340.2
332.4
330.0
355.2
334.5
331.9
339.5
331.2
331.4
353.6
330.4
339.0
338.1
336.9
340.7
336.2
335.2
346.4
336.6
333.1
356.2
338.3
333.5
347.4
334.3
334.5
350.2
335.2
334.3
346.2
331.9
333.8
360.7
336.6
333.1
342.6
336.6
332.4
343.1
333.3
333.3
344.3
333.3
332.6
357.4
335.7
334.7
366.2
337.8
351.2
341.4
334.3
352.9
333.8
331.9
356.0
334.0