1193325.3
26547.0
527.1
262.7
234.4
219.8
215.3
213.4
212.2
212.9
210.3
213.4
212.2
218.4
214.1
207.2
208.4
207.2
218.4
208.4
207.2
206.2
206.2
219.8
206.5
206.7
207.7
208.4
210.0
205.0
206.5
205.5
213.6
206.7
204.8
202.4
206.0
214.8
204.6
206.2
202.9
205.5
214.3
203.1
202.9
204.1
205.0
208.4
205.0
203.6
203.4
206.9
211.7
206.7
206.9
204.8
217.4
209.1
206.7
206.5
203.6
215.3
206.0
205.0
205.0
210.5
207.7
204.3
203.1
203.1
202.7
206.7
203.4
211.0
205.0
213.4
204.8
204.8
202.9
203.4
212.9
203.6
204.6
203.1
201.9
216.2
203.8
203.4
203.8
201.9
213.9
203.6
202.7
203.4
202.2
209.3
204.6
203.6
202.9
202.2
202.4
203.6
202.4
202.7
214.1
205.3
202.7
203.1
202.2
214.1
208.4
201.9
210.3
205.8
215.5
203.8
203.8
203.6
203.4
206.9
211.5
206.0
204.3
204.1
204.8
202.7
203.6
204.1
211.7
204.3
202.9
204.6
205.3
212.2
204.1
204.3
205.8
204.1
214.1
204.8
202.9
206.9
202.7
207.2
204.6
207.7
203.4
202.4
206.5
203.6
203.1
203.4
212.7
205.3
203.6
202.9
202.9
211.7
202.7
202.9
202.9
203.1
213.1
203.1
201.5
201.9
201.5
217.2
201.9
202.4
201.9
202.9
205.0
202.2
202.7
202.4
202.7
204.1
203.6
200.7
201.9
203.1
208.9
202.7
201.5
202.4
211.5
202.2
201.9
201.5
201.7
210.0
210.0
203.6
201.0
201.2
223.4
203.8
204.8
202.7
205.3
204.6
201.9
201.0
201.2
201.5
203.8
201.0
201.5
200.5
203.6
205.3
203.4
204.6
202.4
211.5
204.1
201.9
201.7
203.4
211.7
204.6
202.7
201.9
203.4
212.4
201.7
204.3
201.7
201.5
211.2
202.2
201.2
202.2
203.1
206.9
202.4
201.7
201.5
201.9
205.5
202.9
202.4
201.9
202.7
205.3
201.5
206.5
203.8
221.5
206.2
203.8
201.7
202.9
214.1
203.1
201.7
202.2
201.2
213.4
203.6
203.6
201.9
206.5
206.2
205.5
203.6
203.8
210.0
205.5
202.7
202.7
202.7
211.7
205.0
205.3
202.4
203.8
213.4
203.8
202.7
202.4
202.4
212.7
202.9
207.2
202.7
203.8
213.1
203.4
201.2
203.4
203.4
206.2
207.2
201.7
201.5
200.7
203.4
201.5