1176918.3
26585.6
490.7
255.6
226.3
217.9
222.4
213.4
211.7
211.0
212.2
243.2
212.4
208.1
207.7
209.6
215.5
207.9
210.0
206.9
227.9
210.0
206.2
206.5
206.5
237.0
209.3
208.1
207.9
206.9
212.2
208.6
206.9
207.4
226.7
208.9
205.5
205.3
205.0
234.8
206.2
205.0
207.2
206.2
208.1
206.2
204.8
203.4
212.7
208.9
204.8
204.6
203.8
227.9
207.7
206.0
204.3
207.9
234.6
206.2
205.0
204.3
206.2
206.5
206.7
204.6
203.8
217.0
209.3
202.9
202.7
202.7
227.7
206.7
203.6
203.6
202.2
236.5
205.8
205.3
203.1
203.6
206.5
203.4
203.6
203.4
211.7
206.5
202.9
203.4
203.8
226.3
206.9
202.9
202.2
202.2
235.6
203.8
202.2
201.7
203.6
206.5
203.1
201.9
202.9
205.0
212.2
205.5
202.7
202.9
216.2
208.4
203.4
203.8
203.1
226.7
204.8
203.4
202.9
202.9
215.8
204.6
204.6
206.0
207.4
210.0
204.3
202.9
203.4
213.1
210.0
204.3
204.1
202.9
224.8
206.7
202.7
202.7
202.4
211.7
202.7
204.6
201.5
201.5
226.0
201.0
203.4
204.3
204.1
211.2
201.9
202.9
202.2
213.9
208.9
203.4
203.1
204.6
213.6
205.8
203.1
203.4
203.8
233.2
203.1
203.1
202.7
203.1
216.5
202.7
201.7
200.7
201.5
207.4
201.0
203.1
203.4
217.9
207.9
201.0
201.0
208.6
224.6
205.3
202.7
201.2
201.9
237.0
203.4
201.7
201.5
204.6
209.8
202.2
200.3
199.6
201.0
205.3
203.4
203.1
201.7
213.9
207.7
202.4
202.2
201.2
224.6
204.8
202.9
201.0
203.4
237.2
203.8
203.6
204.3
205.5
207.2
203.6
204.6
203.1
202.9
208.1
208.4
202.2
201.7
223.9
205.5
202.2
201.7
202.4
227.5
203.8
203.6
201.5
200.7
210.5
201.5
200.0
200.3
202.2
212.2
202.2
202.2
201.7
203.6
208.9
206.5
205.5
203.1
218.2
207.2
202.7
202.7
204.3
224.1
210.3
203.4
203.6
203.1
245.8
205.8
204.1
204.8
203.6
208.9
204.8
204.1
203.8
225.5
206.2
203.1
204.6
203.6
212.4
204.3
202.4
204.8
203.4
249.6
205.8
203.6
202.4
203.6
207.9
204.8
203.4
202.4
220.3
208.9
203.1
202.2
202.9
212.4
205.0
203.6
208.6
201.9
228.6
202.9
201.2