1173773.3
774.4
404.6
395.5
387.0
381.0
407.0
378.8
397.9
377.9
372.4
411.0
374.3
371.7
381.9
370.3
402.7
373.1
370.5
393.9
371.5
387.4
372.9
369.3
376.7
368.6
370.0
393.6
367.2
391.7
371.0
366.4
399.1
369.8
364.8
376.0
365.5
393.6
366.9
367.4
396.3
384.8
378.4
378.4
366.7
376.5
366.2
366.2
392.7
370.0
389.1
380.5
371.0
409.6
370.5
365.7
380.8
371.7
401.0
368.1
365.5
389.1
370.0
363.3
393.9
367.6
378.4
366.7
365.5
390.1
371.9
382.2
376.2
366.4
399.4
370.5
368.1
375.3
366.4
398.2
369.1
366.4
394.1
369.5
364.1
397.0
365.7
373.8
363.6
365.3
398.9
366.0
363.6
396.5
363.6
395.8
373.8
363.8
371.0
364.1
361.2
399.1
364.5
392.2
367.2
367.6
392.2
366.7
370.0
365.0
363.3
395.3
365.7
372.6
387.4
365.7
376.7
373.8
366.2
373.8
371.9
360.5
387.0
366.9
376.0
375.7
363.8
394.1
364.1
364.5
371.9
363.6
373.8
378.6
365.5
392.0
365.0
362.9
390.5
368.8
372.6
365.0
361.9
395.8
365.5
365.3
385.5
364.3
379.3
371.9
364.3
380.3
362.4
362.9
387.0
365.3
379.6
370.3
365.0
395.8
365.3
363.3
372.2
361.7
373.1
376.2
365.3
392.7
361.4
360.0
388.1
366.4
371.2
362.9
361.7
395.3
369.8
367.9
381.9
366.7
376.7
375.0
363.1
372.4
363.3
360.3
384.8
364.8
364.1
377.7
366.4
398.6
369.5
364.8
372.9
364.5
373.4
377.2
363.3
392.0
366.7
366.7
387.7
368.6
370.0
365.7
361.2
395.1
366.2
368.1
387.9
364.8
377.9
371.9
363.1
380.0
364.1
368.1
389.3
365.5
379.8
369.5
366.0
405.3
375.5
364.5
371.0
366.9
392.4
370.0
371.7
392.0
366.2
371.2
397.0
366.0
381.2
366.7
361.4
392.4
364.5
361.9
398.2
362.9
402.7
365.5
368.8
388.1
367.4
376.9
380.8
362.6
397.0
363.1
363.1
395.8
366.2
370.7
367.4
368.4
403.2
372.2
364.8
391.7
363.8
397.0
366.2
363.8
374.8
366.4
366.9
394.1
364.3
391.5
362.9
361.9
395.5
365.7
365.5
373.6
363.3
396.0
376.0
361.2
391.0
365.3
369.5
390.1
366.2
372.4
363.1
364.1
389.6
368.1
364.3
387.4
363.1
394.1
367.2
365.3