2358309.5
24092.7
445.1
237.7
208.1
201.7
200.0
201.0
198.8
193.8
192.6
195.3
193.4
205.5
192.9
194.8
194.5
193.6
207.9
193.8
192.4
191.0
190.7
201.2
192.9
199.8
195.7
193.4
205.3
192.9
193.1
191.9
190.7
201.5
191.2
191.5
190.0
188.6
198.1
192.4
188.8
191.0
191.9
196.5
191.7
192.9
191.9
190.0
194.5
193.1
196.5
191.5
192.2
192.2
194.8
193.6
191.7
192.6
190.3
193.6
188.6
190.5
188.6
190.5
196.0
190.3
188.4
190.5
193.4
200.5
190.7
192.4
190.5
191.7
199.6
192.9
189.5
189.5
190.7
200.3
191.7
190.0
193.4
190.7
189.8
194.8
190.3
189.5
192.4
191.9
195.0
192.6
192.2
191.2
196.9
193.4
190.5
189.8
192.2
191.2
197.9
190.5
190.7
189.5
192.4
200.0
190.0
191.5
191.5
189.8
199.1
192.4
190.0
188.8
187.4
196.2
192.2
187.6
187.6
189.1
192.4
193.1
190.7
187.9
188.8
193.4
190.3
188.8
188.4
188.4
187.9
199.1
190.0
188.8
189.1
189.5
196.9
191.9
191.2
191.2
190.0
196.7
189.5
187.4
186.9
187.4
186.9
190.7
189.3
189.5
190.7
191.7
192.4
190.5
188.4
188.1
188.6
204.8
187.9
188.4
188.1
189.3
199.3
191.7
188.8
189.1
188.1
194.3
189.3
190.5
188.8
189.3
188.1
189.8
186.0
190.5
188.6
190.7
190.3
186.9
189.3
189.1
187.6
198.4
189.3
188.4
187.2
186.4
194.1
190.3
189.3
190.0
187.2
195.7
190.7
190.5
189.5
190.0
188.8
191.7
189.1
189.3
188.6
190.5
196.0
189.5
188.4
188.8
186.2
218.6
189.3
196.0
190.3
189.8
197.2
188.4
187.2
187.4
186.9
197.6
189.3
190.3
187.4
187.2
187.9
190.5
187.4
188.8
195.5
189.1
189.1
190.0
186.9
188.8
185.5
195.5
188.4
187.2
187.2
187.2
194.8
189.3
189.5
187.4
186.7
195.0
190.3
192.2
188.8
187.6
187.9
188.8
188.8
188.8
187.4
187.4
203.8
187.9
186.4
187.6
186.9
198.1
188.4
190.5
190.0
187.9
201.7
189.1
188.1
190.7
187.2
194.8
190.3
186.7
186.7
187.4
188.8
196.0
188.8
188.4
193.1
188.4
196.5
188.1
189.8
189.8
188.4
200.3
189.3
188.8
187.4
188.4
194.1
191.7
189.5
189.1
188.4
197.2
190.3
189.3