475993.4
1835.6
1622.9
1590.5
1587.4
2597.1
1589.5
1578.8
1595.0
1562.8
1570.0
1569.5
1579.0
1569.7
1555.7
1565.9
1556.2
1566.2
2184.4
1673.5
1633.2
1610.3
1587.4
1569.3
1641.8
1568.8
1610.3
1573.3
1573.3
1570.5
1559.3
1568.1
1570.2
1572.8
1559.0
1555.9
1554.5
1549.0
1571.2
1556.4
1564.5
1555.0
1562.6
1555.4
1558.1
1573.1
1562.1
1564.7
1584.1
1571.7
1562.1
1579.8
1577.4
1588.1
1573.3
1561.4
1572.1
1572.4
1556.9
1575.0
1565.9
1561.4
1556.9
1557.8
1560.9
1566.6
1575.9
1555.4
1566.4
1553.5
1557.4
1562.1
1558.3
1568.1
1561.2
1560.4
1557.8
1568.8
1556.4
1575.2
1669.4
1638.9
1599.6
1604.6
1613.1
1628.4
1622.7
1607.9
1591.0
1565.5
1584.3
1567.6
1628.2
1562.4
1552.1
1560.2
1549.7
1562.1
1546.9
1565.0
1550.7
1553.8
1556.2
1547.8
1570.7
1555.2
1559.0
1550.9
1563.1
1561.9
1556.6
1556.9
1549.0
1562.6
1558.3
1561.9
1561.4
1578.3
2771.4
1593.4
1589.8
1581.9
1573.1
1585.5
1574.8
1576.2
1565.7
1569.3
1574.8
1577.6
1582.6
1561.6
1572.4
1571.4
1562.6
1572.4
1554.3
1572.1
1565.2
1569.7
1560.0
1571.4
1567.1
1554.7
1565.0
1552.6
1579.8
1564.5
1593.8
1572.8
1555.7
1561.9
1557.4
1559.0
1564.7
1554.0
1570.7
1578.3
1569.0
1554.0
1565.0
1559.5
1566.6
1555.2
1549.7
1557.6
1552.1
1572.6
1551.6
1560.4
1556.6
1555.9
1565.5
1553.1
1565.2
1564.3
1560.7
1549.7
1566.9
1557.4
1558.3
1552.1
1545.2
1558.8
1550.9
1570.9
1551.9
1563.5
1565.9
1549.5
1554.3
1545.4
1552.8
1554.7
1562.4
1550.2
1554.3
1555.4
1546.1
1565.5
1551.9
1565.0
1557.1
1579.3
1570.7
1645.1
1579.3
1546.9
1630.8
1569.7
1553.1
1580.0
1559.3
1569.7
1544.5
1562.1
1553.3
1565.7
1565.5
1559.0
1574.8
1562.6
1563.5
1565.7
1565.2
1571.2
1551.4
1571.4
1554.0
1564.3
1549.5
1566.9
1560.4
1556.9
1560.7
1561.4
1559.5
1553.1
1573.3
1566.9
1561.6
1568.8
1551.4
1569.3
1562.8
1572.4
1549.7
1569.7
1562.1
1555.7
1562.4
1600.0
1573.1
1546.4
1569.5
1563.3
1563.8
1567.1
1554.0
1570.0
1551.2
1570.0
1560.0
1558.8
1565.5
1550.9
1562.1
1550.7
1562.8
1565.9
1565.7
1553.1
1557.1
1562.6
1556.4
1561.9
1555.7
1576.4
1581.7
1561.9
1580.0
1557.1
1573.1
1565.5
2078.1
1824.1
1584.5
1565.7
1605.3
1576.7
1565.7
1636.7
1585.2
1574.5
1570.2
1614.8
1567.8
1552.3
1613.1
1570.9