971660.1
1863.5
1634.4
1591.4
1601.0
1582.1
1580.2
1581.0
1562.6
1572.8
1562.8
2043.7
1894.5
1592.2
1574.5
1572.1
1562.6
1564.5
1568.6
1594.1
1570.7
2059.0
1603.6
1605.3
1583.3
1561.9
1574.8
1558.5
1585.5
1571.9
1610.3
1584.5
1576.2
1621.0
1549.5
1584.5
1557.6
1562.4
1578.8
1563.1
1568.1
1564.0
1562.6
1571.9
1550.7
1556.4
1561.6
1557.4
1557.8
1564.3
1561.9
1570.5
1560.0
1553.8
1569.0
1548.8
1569.7
1573.3
1558.8
1612.2
1567.1
1577.6
1595.5
1566.6
1570.5
1554.0
1570.7
1559.7
1572.1
1544.7
1557.1
1559.3
1559.3
1560.9
1560.9
1569.0
1557.8
1562.8
1552.8
1665.1
1585.7
1561.2
1567.8
1557.4
1570.2
1570.2
1565.2
1563.3
1549.7
1562.1
1550.4
1559.7
1573.3
1566.6
1563.8
1558.5
1599.8
1547.8
1568.6
1565.7
1625.1
1567.4
1557.4
1561.2
1553.3
1578.6
1568.1
1569.7
1567.1
1554.0
1560.4
1551.2
1581.7
1560.2
1561.2
1561.9
1557.4
1575.0
1560.9
1565.2
1564.0
1569.5
1561.9
1568.6
1570.7
1567.6
1569.0
1555.7
1569.0
1562.4
1554.3
1570.0
1555.4
1579.5
1553.8
1565.9
1566.4
1551.2
1581.4
1551.9
1601.7
1561.9
1582.6
1595.3
1566.2
1575.9
1570.5
1575.0
1556.9
1569.0
1574.3
1555.0
1565.5
1552.6
1553.8
1553.5
1562.4
1580.2
1558.8
1571.7
1561.4
1564.3
1554.3
1576.9
1558.5
1553.3
1575.9
1550.0
1565.9
1552.3
1573.6
1548.5
1567.4
1564.7
1561.9
1562.8
1561.2
1567.8
1567.8
1575.7
1554.7
1553.3
1560.7
1559.3
1599.1
1557.8
1562.6
1563.1
1553.8
1573.6
1545.4
1577.9
1550.2
1563.5
1573.6
1549.5
1569.5
1550.7
1561.9
1554.3
1560.9
1562.1
1580.7
1569.3
1555.2
1560.7
1553.5
1560.4
1559.3
1566.2
1564.3
1550.0
1565.9
1566.2
1570.2
1572.4
1561.4
1556.4
1550.9
1561.9
1556.9
1570.5
1554.3
1584.1
1573.8
1562.6
1560.4
1555.9
1562.8
1588.6
1560.9
1550.2
1559.3
1568.1
1563.3
1578.1
1575.7
1565.9
1564.3
1562.1
1568.3
1561.2
1568.3
1561.2
1570.9
1555.7
1563.1
1576.7
1550.7
1560.7
1551.9
1568.8
1554.3
1576.4
1567.8
1569.7
1582.6
1557.8
1565.9
1555.4
1593.6
1563.1
1559.5
1581.0
1561.6
1563.5
1563.8
1577.9
1550.2
1552.8
1559.7
1552.1
1567.4
1568.6
1573.3
1557.6
1572.8
1577.6
1560.9
1567.4
1550.2
1564.5
1552.1
1565.2
1557.1
1558.8
1596.2
1566.2
1572.4
1548.5
1559.7
1564.5
1565.9
1562.8
1555.7
1577.4
1615.8
1561.4
1580.0
1603.4