488817.5
1861.8
1653.0
1603.1
1589.3
1603.8
1582.9
1573.3
1584.5
1565.7
1579.0
1590.7
1563.8
1592.6
1581.4
1570.0
1565.7
1589.5
1595.7
1566.2
1584.1
1567.4
1590.7
1573.3
1570.0
1587.2
1574.8
1571.9
1581.9
1576.2
1596.0
1608.8
1575.5
1563.3
1569.5
1565.5
1572.8
1585.7
1590.3
1580.0
1561.9
1580.0
1571.9
1569.5
1570.2
1585.5
1563.5
1558.8
1568.3
1574.0
1557.8
1581.7
1583.6
1575.5
1563.3
1572.6
1589.8
1592.4
1581.9
1562.6
1583.8
1570.9
1608.6
1580.7
1559.3
1574.8
1561.4
1574.0
1590.0
1556.4
1573.8
1567.8
1578.3
1560.7
1581.0
1586.7
1567.1
1573.1
1584.5
1573.8
1579.0
1574.5
1572.4
1564.7
1573.6
1576.2
1566.9
1564.7
1565.7
1609.1
1560.4
1628.2
1579.0
1567.6
1584.1
1576.4
1570.0
1558.5
1564.7
1584.5
1575.9
1573.8
2408.0
1600.0
1574.0
1575.7
1576.2
1577.6
1600.5
1568.6
1575.2
1583.8
1575.2
1585.2
1573.1
1580.7
1598.4
1583.6
1606.0
1591.4
1583.6
1577.9
1580.2
1573.3
1590.7
1579.0
1567.1
1571.4
1562.4
1578.1
1568.3
1580.7
1584.1
1557.6
1572.4
1585.0
1582.1
1571.7
1564.5
1609.3
1557.8
1570.5
1553.3
1565.0
1563.1
1595.5
1577.9
1560.2
1576.2
1559.3
1565.2
1568.8
1567.1
1564.7
1565.5
1572.1
1575.7
1581.4
1570.0
1555.2
1558.5
1553.1
1565.9
1569.5
1575.9
1570.9
1564.3
1579.8
1566.4
1573.3
1576.9
1570.9
1561.9
1555.7
1566.4
1591.2
1568.6
1568.8
1574.3
1569.3
1560.9
1572.8
1572.1
1583.8
1557.4
1574.8
1570.7
1573.6
1581.9
1573.1
1575.9
1558.3
1577.1
1575.9
1561.4
1573.8
1566.2
1608.1
1606.9
1563.3
1577.9
1580.5
1579.5
1635.1
1583.8
1570.2
1566.4
1567.1
1573.8
1575.2
1567.1
1572.8
1572.1
1566.2
1572.6
1572.1
1573.3
1567.4
1575.7
1581.0
1569.7
1635.8
1560.9
1570.9
1569.0
1578.8
1584.5
1568.3
1596.7
1566.9
1572.8
1624.1
1565.0
1569.3
1566.2
1596.2
1569.3
1565.0
1603.6
1559.7
1578.1
1577.9
1560.9
1570.7
1575.5
1575.9
1571.2
1586.9
1569.5
1563.8
1572.6
1601.9
1839.2
1597.9
1576.2
1586.9
1568.6
1579.5
1575.9
1581.2
1572.1
1583.1
1583.1
1575.5
1556.9
1566.2
1565.9
1568.8
1572.1
1571.9
1562.1
1560.4
1579.5
1561.2
1576.2
1562.1
1603.4
1570.2
1571.9
1577.6
1561.4
1586.9
1560.9
1586.2
1580.5
1570.9
1574.8
1564.3
1612.7
1580.7
1580.0
1604.8
1565.7
1579.0
1559.7
1570.9
1569.0
1566.2
1574.0
1564.0