114387.0
12453.1
285.1
22453.1
3914.8
168.1
252.0
362.9
223.9
146.9
210.0
231.0
2008.9
138.0
134.9
134.9
140.0
134.0
134.9
139.0
137.1
133.0
134.0
138.0
134.9
134.2
136.9
142.1
232.0
140.0
206.0
139.0
230.1
141.1
201.9
138.0
215.1
139.0
212.0
139.0
215.1
140.0
202.2
140.0
226.0
140.9
205.0
138.0
212.9
139.0
208.9
139.0
242.0
139.0
201.9
150.9
217.9
138.0
203.1
139.0
212.9
132.8
203.8
139.0
213.9
138.0
212.2
138.0
222.9
139.0
201.9
131.1
220.1
138.0
206.0
138.0
212.0
139.0
216.0
138.0
216.0
137.1
201.9
139.0
215.1
138.0
204.1
144.0
219.1
149.0
206.9
138.0
216.0
139.0
202.2
138.0
212.9
136.9
201.9
139.0
222.9
138.0
202.2
138.0
216.0
140.9
214.1
139.0
217.9
137.1
205.0
137.1
222.9
137.8
201.9
139.0
234.1
146.2
205.0
137.1
217.0
139.0
205.0
153.1
215.1
138.0
201.0
136.9
215.8
140.0
202.9
138.0
212.0
138.0
223.9
140.0
214.1
140.9
203.1
139.0
229.1
140.0
203.8
138.0
220.1
140.0
206.0
137.1
218.9
139.0
202.2
148.1
217.0
138.0
204.1
130.2
213.9
153.8
204.8
139.0
212.9
139.0
196.2
140.0
217.0
141.1
200.0
138.0
220.1
140.0
204.1
138.0
212.9
140.9
220.1
139.0
216.0
145.9
206.0
146.2
241.0
140.9
205.0
138.0
217.9
150.9
204.1
140.0
221.0
139.0
204.1
140.2
217.9
143.1
202.9
140.0
225.1
138.0
201.0
140.9
222.0
139.0
210.0
143.1
215.1
139.0
211.0
139.0
220.8
130.9
200.0
138.0
212.0
149.0
202.2
139.0
217.0
140.0
199.1
150.0
222.0
140.9
211.0
135.9
237.0
140.0
204.1
140.0
221.0
140.0
217.0
139.0
223.9
139.0
202.9
137.8
223.9
139.0
202.2
137.1
220.1
146.9
207.9
138.0
233.2
139.0
201.9
139.0
222.0
139.0
204.1
139.0
225.1
139.0
203.1
138.0
222.9
139.0
212.2
135.9
214.1
138.0
202.2
144.0
227.9
139.2
205.0
138.0
218.9
148.1
203.8
136.9
217.0
140.0
204.1
153.1
217.9
138.0
206.9
139.0
223.9
139.0
209.1
139.0
217.0
139.0
218.9
140.0
222.9
137.8
206.9
139.0
226.0
142.1
201.9
138.0
220.1
151.2
203.8
136.9