1599.0
227.5
191.8
171.7
168.9
167.1
164.9
163.2
163.7
165.8
164.2
164.6
163.4
163.1
165.2
168.2
162.7
163.2
163.1
162.0
163.0
164.8
162.6
162.7
162.5
162.1
165.0
162.6
161.1
161.6
161.8
161.3
165.2
164.5
163.1
162.6
160.7
161.4
164.5
163.0
161.1
162.3
161.5
160.5
162.8
163.4
161.8
161.1
160.8
162.2
162.9
163.3
162.3
159.9
162.7
163.2
162.9
161.1
160.2
161.4
161.5
160.7
164.7
162.2
158.9
160.1
162.0
160.5
171.1
162.7
162.7
162.5
161.4
162.7
169.1
164.1
163.3
162.7
161.8
162.5
171.3
168.1
162.9
160.1
160.4
161.9
170.7
163.5
162.3
162.7
160.9
160.9
159.3
164.4
163.6
162.8
160.4
161.4
162.5
187.8
162.4
160.9
161.1
158.6
168.4
164.0
160.9
159.4
158.4
160.4
159.8
169.7
159.3
160.2
158.8
158.2
158.5
171.5
160.9
159.6
158.9
159.7
159.9
173.6
161.0
158.0
159.6
159.7
159.5
170.0
162.2
159.4
158.9
159.4
159.6
166.3
163.2
159.9
160.7
160.4
160.3
164.2
164.4
160.5
158.8
161.5
159.4
162.4
163.0
160.8
158.5
160.7
158.6
163.1
161.2
161.8
159.1
159.2
159.8
161.8
162.8
158.0
158.9
158.3
158.7
160.7
165.5
161.1
160.4
159.2
160.0
157.7
175.0
159.9
160.5
158.8
157.8
160.3
171.6
161.5
159.8
160.9
159.7
158.9
170.2
158.5
159.6
159.0
161.5
158.5
171.0
159.9
157.6
160.0
158.3
159.1
160.2
162.1
159.6
158.3
160.7
158.3
164.0
161.1
159.9
158.1
158.4
160.5
159.5
161.6
157.1
160.2
158.8
159.6
161.5
161.9
159.6
158.4
158.6
157.7
158.8
170.2
159.2
158.8
158.3
160.4
159.0
169.5
160.4
158.5
160.0
157.9
157.9
168.0
159.2
160.4
159.5
159.7
157.6
163.9
160.3
158.9
158.5
158.6
160.1
162.8
161.4
159.1
161.3
160.7
156.8
164.3
162.1
158.3
159.5
158.9
161.3
163.8
161.7
157.2
158.6
159.0
157.5
161.4
167.0
160.5
159.8
159.7
158.6
158.8
169.3
159.2
159.6
159.9
158.6
159.1
168.0
160.9
159.4
158.7
158.1
160.5
169.1
161.0
162.1
159.7
159.8
159.5
161.9
159.4
159.2
158.6
158.4
160.6
160.3
160.0
160.1
158.9
158.9
158.2