126664.4
3336.9
3065.3
3281.1
3037.7
3020.3
3016.9
3027.9
2984.0
3026.2
3006.9
3015.3
3013.4
3027.7
3015.5
3011.5
2992.6
3004.6
3109.5
3003.8
3008.4
3015.5
3031.7
3005.3
3015.5
3007.4
2994.5
3026.2
3029.6
3065.6
3011.2
3103.7
3018.4
3070.4
3023.6
3031.7
3413.2
3180.7
3035.8
3348.4
3006.5
3025.5
3023.4
3020.0
3014.3
3052.7
3021.0
3040.1
3007.4
3022.9
3001.5
3300.0
3295.2
3018.1
3018.1
2990.0
2998.1
3040.6
3015.8
3026.5
3012.2
3009.1
3018.9
3049.4
3013.4
3006.2
3033.6
3008.8
3012.2
3039.6
3004.1
2999.1
3002.6
2989.8
3007.7
3012.2
3010.5
3015.0
2992.9
2996.0
3119.5
3010.0
3041.0
3000.7
3030.3
3007.7
2991.2
3018.1
3199.1
3019.6
3021.7
3022.4
3015.3
3010.3
3014.1
3018.1
3013.8
3027.4
3014.8
2993.6
3018.6
2998.4
2996.2
3002.4
3053.2
3012.9
3014.3
3008.1
2995.5
3028.9
3019.8
3050.3
3016.7
3004.1
3021.5
2993.1
3000.7
3012.2
3055.8
3026.0
3030.1
3023.4
2981.9
3000.5
3054.6
2976.4
3014.8
2997.6
2998.1
3010.0
3122.3
3006.2
3025.3
3026.0
3001.2
3006.5
2999.3
3051.8
3008.1
3001.0
3003.6
3003.8
3024.6
3059.6
3035.3
3027.0
2993.8
3045.3
3033.4
2988.6
3024.6
3037.0
3017.4
2982.4
3047.0
3063.9
3061.3
3032.7
3016.7
3001.7
3034.1
2990.5
3171.4
2991.2
3058.2
3003.6
2983.3
3057.7
3204.8
3058.2
3022.7
2995.0
3011.2
3029.3
3027.2
3048.4
2980.7
3013.8
3001.9
3013.6
2997.2
3002.2
3014.3
3011.0
3053.7
3007.9
3002.2
3030.1
3044.1
3001.9
3001.0
2998.1
3021.5
3029.8
3072.5
2995.7
2989.1
3022.2
2977.1
3041.7
3032.4
2986.9
2979.3
3012.7
3014.3
2986.7
2977.6
2988.1
3022.4
3043.4
3041.0
2990.5
3013.1
3096.1
3022.7
3031.5
3012.9
3008.4
2973.3
2981.9
3009.6
3015.3
2981.2
3006.9
2998.6
3005.5
2988.3
3131.6
3049.9
3004.1
2990.0
2988.1
2986.0
2994.8
3002.6
2985.7
2991.4
3038.4
2983.1
3009.8
3030.8
3004.8
3015.8
3020.3
3042.2
2990.5
2997.9
3009.3
3042.0
3104.4
3041.3
3025.3
3011.9
2994.8
3021.0
2997.9
3018.6
3008.1
3038.6
3044.1
2987.6
3015.3
2978.6
2982.6
3001.9
2992.4
3004.3
3016.2
3054.4
2984.8
2993.8
2982.9
2998.4
3004.1
3000.0
3018.4
2975.5
2993.8
2997.2
3034.1
2998.6
3001.2
2991.2
2989.5
2999.8
2996.4
3062.2
3028.9
3086.6
3056.3
3021.5
3018.9
3011.9
3088.7
3003.6
3018.9
3021.7
3079.9
3021.2
2998.1