4916.7
1298.6
1216.0
1145.2
1144.9
1173.0
1168.8
1150.3
1179.7
1171.4
1180.0
1174.5
1149.3
1179.5
1193.2
1176.0
1226.8
1201.1
1186.6
1152.9
1177.1
1171.0
1200.4
1183.9
1183.9
1173.4
1181.2
1202.9
1186.4
1182.4
1143.3
1167.7
1174.9
1162.8
1150.9
1140.7
1164.1
1166.2
1142.0
1171.9
1176.5
1170.2
1170.4
1139.4
1166.9
1173.4
1175.4
1182.1
1140.6
1145.8
1145.7
1200.3
1177.3
1175.2
1173.3
1169.8
1208.3
1157.9
1169.4
1170.2
1171.8
1174.0
1178.9
1178.5
1173.0
1167.3
1176.1
1150.9
1168.0
1181.3
1149.0
1182.3
1154.4
1149.9
1208.5
1185.5
1150.6
1179.7
1178.9
1217.1
1162.7
1174.7
1149.8
1179.4
1156.1
1206.3
1158.8
1150.6
1148.7
1177.5
1184.1
1168.7
1186.6
1183.7
1178.6
1181.4
1212.5
1189.3
1173.3
1155.7
1151.5
1176.9
1178.5
1170.4
1152.6
1127.7
1160.9
1172.6
1186.0
1162.4
1162.4
1178.5
1149.1
1164.6
1183.0
1165.4
1178.3
1163.6
1159.2
1188.4
1164.8
1136.5
1162.8
1155.1
1161.5
1163.5
1196.1
1167.4
1151.7
1157.8
1135.5
1204.8
1173.7
1175.9
1171.4
1152.7
1167.1
1198.3
1168.7
1153.3
1164.0
1167.7
1174.0
1181.8
1146.2
1199.6
1180.5
1202.7
1192.2
1213.3
1203.0
1164.8
1160.9
1157.5
1189.9
1175.9
1210.3
1161.9
1159.3
1180.2
1137.1
1161.2
1158.6
1168.0
1165.4
1179.4
1160.1
1158.5
1156.3
1153.9
1159.7
1161.1
1173.8
1206.9
1150.6
1127.2
1153.0
1180.8
1170.3
1164.3
1149.5
1153.6
1126.1
1180.3
1180.2
1166.9
1154.2
1154.6
1156.1
1153.8
1191.1
1169.9
1167.6
1127.6
1185.1
1155.5
1180.8
1141.0
1175.0
1222.7
1189.1
1227.4
1189.0
1147.8
1167.2
1161.6
1163.8
1190.0
1163.2
1166.2
1128.3
1165.4
1160.3
1173.7
1208.6
1167.1
1159.2
1156.0
1188.9
1159.6
1167.4
1153.8
1158.2
1176.3
1152.1
1182.9
1179.8
1213.8
1190.2
1190.7
1198.7
1198.6
1155.6
1155.6
1135.6
1185.4
1167.0
1156.0
1162.5
1157.4
1145.5
1185.5
1169.3
1161.1
1154.0
1151.6
1157.2
1178.2
1167.9
1151.0
1157.1
1166.8
1155.0
1175.9
1165.2
1158.8
1151.7
1163.7
1157.0
1182.3
1175.8
1157.1
1162.9
1155.6
1164.6
1177.7
1165.4
1167.1
1156.0
1175.6
1203.4
1214.8
1219.7
1177.2
1163.6
1169.0
1156.9
1175.7
1193.4
1166.8
1162.4
1161.6
1178.0
1165.1
1155.4
1156.7
1161.0
1165.3
1177.6
1186.1
1191.1
1167.1
1126.1
1181.6
1170.6
1161.0
1153.3
1176.1
1216.9
1197.4