1563181.2
29029.8
1653.4
1395.2
1370.7
1353.3
1343.0
1372.3
1348.7
1344.0
1334.7
1362.3
1338.0
1374.5
1349.9
1351.8
1344.2
1343.7
1349.0
1406.2
1356.8
1348.0
1358.3
1343.5
1350.6
1337.1
1342.1
1341.1
1367.3
1349.2
1348.3
1342.1
1339.4
1342.5
1359.7
1328.0
1329.2
1361.1
1333.2
1360.7
1356.6
1324.9
1331.1
1331.6
1335.6
1328.2
1394.0
1332.5
1354.9
1355.6
1352.1
1369.5
1338.2
1406.2
1323.7
1327.0
1355.6
1341.1
1320.6
1354.7
1393.3
1343.5
1361.8
1358.7
1332.0
1335.6
1354.0
1323.9
1330.1
1364.9
1326.6
1339.4
1351.1
1345.6
1325.1
1328.7
1354.2
1391.9
1342.1
1362.8
1327.0
1318.5
1375.4
1339.4
1358.3
1350.4
1341.8
1333.7
1361.8
1318.7
1348.7
1329.7
1331.1
1335.9
1333.0
1398.6
1341.3
1344.0
1335.1
1334.2
1328.7
1334.0
1375.2
1347.1
1352.3
1336.8
1338.2
1339.9
1334.9
1327.0
1329.7
1353.7
1380.0
1355.4
1336.3
1344.4
1346.3
1331.6
1340.2
1335.9
1341.6
1339.9
1327.5
1395.2
1342.3
1332.8
1327.8
1329.7
1344.2
1357.3
1368.3
1363.0
1392.6
1348.7
1378.5
1335.4
1338.0
1329.9
1334.2
1336.3
1326.1
1341.8
1324.2
1357.6
1369.0
1333.7
1323.5
1321.1
1331.3
1349.7
1328.5
1346.3
1336.8
1334.7
1349.0
1332.5
1329.4
1332.8
1331.1
1328.7
1331.6
1337.8
1347.5
1331.6
1326.3
1327.8
1327.0
1320.6
1339.7
1332.5
1329.2
1344.4
1337.3
1320.8
1335.1
1335.6
1329.7
1337.5
1365.4
1370.4
1320.1
1334.2
1324.9
1332.0
1335.4
1325.8
1329.2
1314.9
1337.3
1346.1
1326.8
1339.7
1332.8
1358.0
1329.2
1337.1
1356.4
1334.4
1350.4
1337.3
1344.0
1326.6
1328.2
1329.7
1338.0
1366.1
1325.8
1351.8
1324.2
1399.5
1325.6
1352.3
1345.4
1329.4
1291.5
1284.6
1271.7
1309.6
1295.3
1295.8
1309.2
1303.2
1306.5
1351.1
1318.2
1311.1
1296.5
1310.6
1322.0
1307.5
1295.1
1312.5
1290.8
1287.2
1299.1
1290.6
1301.8
1292.0
1289.6
1309.9
1290.1
1293.2
1291.8
1286.7
1315.8
1290.3
1296.0
1322.0
1307.0
1303.7
1294.1
1292.5
1296.3
1290.8
1295.3
1316.5
1292.5
1326.1
1307.5
1298.2
1295.1
1298.9
1298.2
1292.7
1288.2
1303.7
1316.8
1326.3
1327.0
1326.1
1346.6
1286.3
1288.4
1301.3
1299.6
1310.6
1305.3
1292.5
1300.8
1314.6
1292.0
1304.9
1299.9
1313.9
1319.4
1318.5
1288.7
1288.7
1338.0
1298.7
1291.8
1325.6
1294.1
1319.4
1315.6
1316.1
1307.5
1324.9
1304.4
1305.3