1555476.9
33069.8
1755.0
1542.3
1493.5
1479.1
1423.4
1422.2
1418.6
1402.6
1375.9
1437.9
1425.7
1366.4
1359.5
1381.4
1367.6
1360.7
1367.3
1424.6
1366.4
1354.2
1379.0
1384.5
1371.9
1385.7
1371.4
1371.9
1386.9
1394.0
1360.4
1372.1
1359.0
1366.4
1386.4
1374.7
1353.0
1387.8
1383.3
1357.8
1379.5
1370.4
1371.9
1395.2
1370.0
1358.7
1346.8
1359.0
1373.8
1367.3
1381.9
1360.9
1364.7
1376.4
1414.1
1392.1
1390.0
1411.4
1412.9
1369.5
1433.6
1364.7
1383.8
1353.7
1351.6
1429.1
1380.0
1419.5
1391.6
1365.7
1366.9
1358.0
1354.7
1375.4
1359.0
1362.6
1372.1
1417.6
1396.9
1357.3
1361.8
1369.2
1396.9
1370.4
1367.1
1360.9
1384.5
1390.5
1372.3
1385.0
1355.4
1363.5
1362.8
1364.7
1405.7
1370.4
1365.2
1358.7
1353.7
1359.7
1378.3
1423.8
1381.9
1372.1
1359.5
1361.8
1365.2
1355.4
1356.4
1371.4
1366.6
1362.3
1368.0
1352.1
1370.4
1360.9
1418.4
1358.5
1368.5
1376.2
1361.8
1339.7
1345.6
1321.3
1341.3
1365.2
1347.1
1321.8
1315.8
1368.8
1343.0
1371.1
1322.7
1316.5
1385.5
1330.1
1317.3
1321.3
1336.6
1334.4
1378.3
1340.6
1324.4
1363.8
1316.3
1328.5
1313.9
1327.0
1322.5
1348.0
1374.2
1341.3
1351.1
1311.5
1315.4
1365.2
1345.4
1322.0
1312.7
1378.5
1328.0
1327.5
1368.3
1321.8
1326.1
1319.4
1335.4
1322.3
1355.2
1370.4
1344.7
1347.5
1314.6
1311.3
1327.5
1312.7
1321.3
1314.6
1320.8
1377.1
1329.2
1329.4
1378.5
1337.3
1330.9
1337.1
1372.3
1320.1
1320.4
1329.7
1330.9
1312.0
1326.3
1329.7
1326.6
1327.0
1333.5
1330.4
1340.6
1319.2
1384.3
1379.3
1325.1
1339.9
1345.9
1375.2
1343.3
1343.0
1353.7
1324.9
1319.4
1374.2
1347.8
1374.0
1325.4
1328.0
1321.3
1349.7
1324.4
1322.0
1341.6
1322.0
1317.5
1323.0
1330.9
1336.3
1376.4
1330.6
1348.5
1368.0
1311.8
1343.7
1321.1
1324.2
1338.7
1319.4
1332.0
1337.1
1329.7
1310.3
1382.8
1323.5
1329.7
1335.4
1331.1
1323.2
1328.9
1378.8
1341.1
1324.7
1396.4
1334.9
1363.3
1332.5
1332.0
1321.6
1378.1
1326.1
1340.6
1347.3
1329.7
1376.6
1321.8
1323.9
1317.7
1315.1
1331.3
1323.9
1325.6
1317.0
1342.5
1375.0
1345.9
1325.4
1328.5
1323.7
1332.0
1332.8
1378.1
1325.6
1322.7
1330.9
1328.0
1312.7
1342.3
1384.3
1321.6
1326.8
1342.1
1330.1
1343.5
1376.4
1331.8
1359.0
1343.0
1342.1
1317.0
1333.7
1318.9
1325.4