3888971.1
9729.9
1354.9
496314.0
6743.9
4022.1
2464.8
2070.9
1307.0
1926.9
1288.2
1271.0
2042.1
1287.0
1267.0
1302.0
2597.1
1303.0
1307.0
1271.0
1272.0
2157.0
1279.8
1281.0
1277.0
1349.9
1277.0
2050.9
1282.0
1262.9
1285.8
1304.9
1287.0
1268.9
2045.2
1272.0
1279.1
1279.1
1281.0
1296.0
1280.1
1281.0
2003.9
1277.0
1339.9
1293.9
1286.0
1295.8
1302.0
1288.9
1272.0
1986.0
1270.1
1278.9
1277.0
1271.0
1283.2
1314.9
1287.0
1272.9
1297.0
1992.0
1274.8
1272.9
1280.1
1349.9
1294.1
1303.0
1270.1
1266.0
1340.9
1275.1
1977.0
1285.1
1284.8
1284.8
1273.9
1278.2
1277.0
1295.1
1284.1
1274.8
1302.0
1280.1
2115.0
1277.0
1344.2
1292.9
1271.0
1266.0
1270.1
1277.2
1271.0
1282.9
1291.0
1292.2
1284.8
2178.9
1342.1
1272.9
1286.0
1282.9
1271.0
1275.1
1298.0
1272.0
1286.0
1322.0
1303.2
1274.8
1272.9
2062.1
1291.0
1275.1
1277.0
1278.2
1270.1
1304.9
1273.9
1294.1
1276.0
1287.9
1280.1
1287.0
1287.9
1285.1
2053.0
1298.9
1282.0
1282.0
1276.0
1292.0
1290.1
1287.0
1340.9
1279.1
1290.1
1293.9
1286.0
1265.0
1261.0
1272.9
1277.0
1274.1
1266.0
1299.1
1287.9
1272.0
2244.0
1275.1
1282.0
1334.0
1295.1
1299.1
1270.1
1284.8
1297.0
1275.1
1281.0
1285.1
1298.9
1246.0
1230.0
1252.9
1269.1
1260.0
2128.1
1239.1
1272.0
1237.2
1252.9
1298.0
1256.0
1285.1
1231.2
1250.0
1248.8
1255.0
1292.9
1239.1
1255.0
1304.1
1241.9
1253.1
1291.0
1247.9
1269.8
1244.8
1246.0
1247.9
1246.0
1246.9
2070.0
1239.1
1261.9
1305.1
1236.9
1282.0
1252.9
1244.8
1246.9
1263.1
1241.0
1243.1
1306.1
1231.0
1241.9
1261.0
1250.0
1250.0
1245.0
1241.0
1251.0
1241.9
1261.0
1236.9
2040.1
1255.0
1260.0
1247.2
1242.9
1232.1
1236.9
1247.9
1264.1
1231.0
1304.1
1290.1
1237.9
1267.9
1251.9
1248.8
1263.1
1228.1
1251.0
1272.0
1258.1
1236.0
1267.9
1244.1
1235.0
1243.1
1235.0
2273.1
1253.1
1242.9
1248.1
1246.9
1247.9
1291.0
1254.1
1253.1
1257.9
1242.2
1233.1
1258.9
1243.8
1244.1
1258.1
1251.0
1241.9
1263.9
1234.1
1252.2
1298.9
1260.0
1253.1
1231.9
1237.9
1256.0
1254.8
1242.9
2134.8
1269.8
1246.9
1225.0
1242.2
1246.0
1245.0
1243.1
1246.9
1270.1
1264.1
1265.0
1251.9
1269.8
1249.8
1246.0
1269.1
1261.0
1235.0
1253.1
1308.0
1242.2
1226.9
1236.0
1242.9
1293.2
1240.0
1236.9