51802.1
1407.8
1379.8
1200.2
1195.1
1237.1
1174.7
1211.0
1209.2
1184.3
1229.4
1173.8
1211.6
1205.0
1219.2
1204.6
1208.8
1214.5
1178.9
1212.8
1196.3
1206.2
1216.6
1163.5
1189.5
1195.1
1189.8
1193.3
1181.7
1191.3
1209.7
1156.4
1196.8
1186.3
1166.1
1208.0
1154.3
1194.8
1190.3
1181.2
1157.5
1202.4
1191.3
1196.8
1184.4
1186.3
1204.9
1188.8
1161.1
1164.4
1180.3
1183.3
1174.3
1158.8
1193.0
1155.6
1183.2
1211.0
1187.4
1193.3
1160.4
1157.4
1185.0
1162.2
1156.2
1173.3
1159.4
1184.9
1217.2
1190.4
1195.1
1181.1
1190.0
1186.8
1177.8
1185.9
1184.2
1189.2
1189.8
1190.1
1187.2
1184.0
1197.1
1193.9
1200.0
1185.9
1201.0
1157.8
1181.6
1190.6
1175.5
1164.9
1166.8
1169.3
1169.6
1181.4
1170.3
1168.1
1167.3
1162.4
1192.0
1161.8
1172.1
1179.2
1159.6
1161.7
1198.7
1162.8
1166.2
1167.1
1139.3
1133.3
1191.8
1168.8
1163.8
1191.9
1162.4
1167.6
1196.0
1177.7
1174.7
1165.7
1180.3
1199.1
1166.3
1154.9
1178.0
1175.7
1162.6
1187.6
1161.9
1165.8
1168.8
1169.6
1165.3
1188.4
1155.4
1163.5
1163.3
1159.9
1164.6
1187.6
1161.3
1171.7
1178.0
1155.2
1187.9
1181.5
1160.7
1174.1
1166.4
1163.2
1203.3
1160.5
1164.9
1168.1
1159.9
1190.5
1181.6
1163.5
1136.8
1174.9
1161.3
1172.2
1189.7
1165.2
1169.0
1154.9
1161.4
1155.0
1181.1
1162.9
1142.9
1188.3
1180.5
1179.7
1214.7
1176.8
1183.1
1181.0
1190.6
1201.5
1183.4
1194.6
1174.9
1196.6
1211.2
1183.1
1189.4
1193.1
1188.8
1207.9
1183.1
1189.4
1168.5
1177.7
1185.4
1178.6
1161.8
1178.0
1159.6
1167.6
1176.5
1163.7
1159.6
1172.1
1157.7
1173.5
1158.8
1177.1
1131.4
1171.2
1164.9
1165.1
1205.3
1165.1
1160.6
1177.0
1195.3
1175.8
1175.9
1163.4
1165.6
1171.9
1174.7
1189.6
1174.7
1164.5
1171.6
1161.8
1161.5
1193.1
1147.6
1169.3
1166.1
1154.1
1169.8
1182.5
1170.7
1161.1
1161.9
1171.2
1171.9
1185.1
1168.7
1173.1
1167.5
1161.3
1187.1
1172.5
1166.8
1172.9
1175.0
1169.2
1187.6
1167.7
1172.7
1135.2
1164.6
1169.5
1191.3
1160.1
1177.0
1174.4
1134.1
1174.4
1181.8
1169.0
1161.3
1176.0
1144.7
1162.0
1196.6
1155.5
1195.2
1162.8
1171.3
1189.4
1189.4
1166.6
1185.0
1169.6
1176.1
1193.9
1146.4
1182.5
1171.2
1172.4
1174.1
1190.8
1146.5
1182.9
1182.7
1176.4
1206.8
1145.6
1200.2
1151.9
1177.6
1165.7