606502.1
10233.9
1378.1
14852.0
5030.9
3303.1
2404.0
2019.9
1294.9
1985.8
1287.0
1260.0
1946.9
1276.0
1278.9
1281.0
1937.9
1281.0
1276.0
1303.9
1276.0
1941.0
1283.9
1328.0
1267.2
1308.9
1292.0
1936.9
1264.1
1332.0
1281.0
1332.0
1280.1
1333.0
1977.0
1276.0
1290.1
1309.9
1286.0
1266.0
1272.9
1292.9
1937.9
1309.9
1260.0
1272.2
1310.8
1292.9
1303.0
1295.8
1283.9
1972.9
1342.1
1303.2
1266.0
1261.9
1279.8
1276.0
1325.8
1279.1
1284.1
1935.0
1274.1
1272.0
1300.1
1274.1
1271.0
1272.0
1278.2
1297.0
1269.1
1270.1
1946.0
1293.2
1340.9
1270.1
1297.0
1303.9
1278.2
1266.0
1307.0
1287.9
1328.0
1267.9
1975.1
1303.2
1337.1
1267.9
1338.0
1293.9
1285.8
1290.8
1293.9
1299.1
1277.0
1272.0
1256.0
1950.0
1289.1
1246.0
1267.9
1253.8
1237.2
1229.0
1271.0
1225.9
1264.8
1237.9
1258.1
1231.0
1260.0
1931.2
1273.9
1241.0
1272.0
1244.1
1260.0
1254.1
1265.0
1245.0
1249.1
1262.9
1275.1
1236.2
1247.9
1238.8
1953.8
1238.8
1237.9
1271.0
1243.1
1276.0
1253.1
1260.0
1242.9
1237.9
1256.0
1258.9
1244.1
1255.0
1300.1
1261.9
1232.9
1249.1
1258.1
1267.0
1241.9
1247.2
1935.0
1241.0
1261.0
1252.9
1313.2
1263.9
1259.1
1242.2
1235.0
1270.1
1247.9
1249.1
1248.1
1303.0
1253.1
1298.9
1246.9
1255.0
2085.9
1238.8
1248.1
1246.0
1239.1
1242.2
1242.9
1259.1
1287.9
1243.8
1247.2
1236.9
1242.9
1266.0
1250.0
1257.2
1245.0
1250.0
1259.1
1298.9
1260.0
1274.1
1298.0
1258.1
1239.1
1243.1
1982.0
1246.0
1261.9
1249.1
1268.9
1267.0
1256.9
1275.1
1251.0
1256.0
1256.0
1280.1
1246.0
1249.1
1235.0
1249.1
1241.0
1249.1
1256.9
1246.9
1240.0
1238.1
1241.0
1285.1
2023.0
1251.9
1260.0
1264.1
1260.0
1236.0
1253.1
1256.9
1272.0
1236.9
1250.0
1306.8
1278.9
1248.1
1254.1
1278.9
1273.2
1261.0
1261.0
1304.1
1241.9
1234.1
1259.1
1245.0
1248.1
1240.0
1251.0
1978.2
1251.9
1241.2
1237.9
1266.0
1237.9
1240.0
1237.2
1272.0
1231.9
1242.9
1246.0
1250.0
1247.9
1258.1
1251.9
1312.0
1260.0
1251.0
1249.1
1267.9
1264.8
1251.9
1303.0
1261.0
1237.9
1264.8
1272.0
1256.9
2422.8
1258.9
1266.0
1273.2
1246.0
1260.0
1259.1
1245.0
1239.1
1295.1
1301.1
1257.9
1249.1
1242.2
1239.1
1265.0
1272.0
1265.0
1238.1
1278.9
1245.0
1272.9
1254.1
1243.1
1270.1
1278.9
1255.0
1269.8