595154.0
11444.8
1375.0
15020.1
5106.0
2722.0
2308.1
1989.1
1301.1
1950.0
1285.1
1275.1
2025.8
1328.9
1299.1
1267.0
2135.0
1287.9
1282.0
1281.0
1273.9
1984.1
1317.0
1337.1
1283.2
1277.0
1339.0
1987.0
1276.0
1273.2
1310.1
1282.9
1278.2
1282.9
1995.1
1277.9
1277.0
1297.0
1300.1
1272.9
1270.8
1303.9
1943.1
1301.1
1272.9
1282.0
1286.0
1272.0
1277.9
1354.0
1304.1
1930.0
1341.1
1282.0
1278.2
1301.1
1273.9
1313.9
1270.1
1274.1
1334.9
1940.0
1306.1
1294.9
1279.8
1293.2
1348.0
1282.9
1272.2
1269.8
1273.9
1268.1
1946.0
1285.1
1292.2
1279.8
1279.8
1277.0
1314.9
1284.8
1304.1
1300.1
1286.0
1278.9
2274.0
1289.1
1280.1
1269.1
1277.9
1276.0
1286.0
1302.0
1270.1
1278.2
1273.9
1286.0
1267.0
2180.1
1279.1
1272.0
1292.0
1285.1
1270.1
1301.1
1290.1
1292.9
1301.1
1331.1
1289.1
1287.0
1277.9
1957.9
1288.2
1270.1
1296.0
1327.0
1276.0
1275.1
1277.0
1275.1
1308.0
1282.0
1282.0
1288.9
1294.1
1307.0
1963.1
1313.9
1308.0
1290.1
1282.0
1287.0
1298.0
1292.9
1279.1
1286.0
1291.0
1300.1
1323.0
1280.1
1266.0
1294.1
1286.0
1264.1
1279.8
1289.1
1285.1
1280.1
1925.9
1277.0
1339.9
1272.0
1272.0
1308.9
1269.1
1283.2
1284.1
1282.0
1275.1
1292.9
1282.2
1298.9
1266.0
1294.9
1267.2
1296.0
2084.0
1287.9
1276.0
1283.9
1277.0
1272.0
1295.1
1313.0
1328.0
1273.2
1275.1
1297.0
1293.9
1300.8
1304.9
1281.0
1279.1
1287.9
1344.9
1282.9
1277.2
1255.0
1251.9
1282.0
1238.1
1266.0
1962.9
1248.1
1270.1
1251.0
1259.1
1246.0
1238.8
1306.1
1264.1
1241.0
1272.0
1235.0
1261.0
1240.0
1295.8
1293.9
1266.0
1265.0
1240.0
1309.2
1244.1
1278.9
1233.8
1245.0
1941.0
1264.1
1239.1
1249.1
1262.9
1257.2
1249.1
1287.9
1242.2
1236.0
1246.9
1258.9
1260.0
1268.9
1252.2
1245.0
1293.9
1253.8
1247.2
1256.9
1256.0
1252.9
1285.1
1296.0
1292.0
1263.1
1257.9
2102.1
1295.1
1246.0
1249.1
1266.0
1257.2
1303.0
1258.1
1249.1
1246.9
1267.0
1241.9
1250.0
1248.1
1277.9
1250.0
1278.2
1251.0
1261.9
1309.9
1245.0
1258.1
1297.0
1275.1
1266.0
1278.2
1250.0
1255.0
1276.0
1960.0
1263.1
1250.0
1270.1
1272.0
1242.9
1259.1
1249.1
1265.0
1256.0
1254.1
1275.1
1269.1
1269.1
1252.9
1282.9
1261.9
1246.0
1262.9
1312.0
1264.8
1249.8
1282.9
1246.0
1257.2
1277.9
1259.1
1266.0