1563184.7
30027.2
1699.7
1531.1
1445.1
1425.7
1393.1
1385.7
1372.1
1360.9
1384.3
1367.3
1394.3
1359.2
1375.9
1352.5
1365.4
1352.1
1355.9
1366.6
1361.6
1354.0
1351.8
1353.7
1361.4
1384.3
1372.6
1342.1
1350.2
1342.3
1349.9
1356.1
1349.7
1354.2
1351.4
1342.8
1353.3
1371.6
1370.2
1360.4
1350.2
1384.3
1375.7
1358.3
1376.4
1403.6
1355.9
1363.8
1354.9
1349.7
1405.2
1431.2
1366.6
1377.6
1349.4
1346.3
1357.6
1410.0
1354.9
1341.8
1417.2
1371.4
1369.5
1360.7
1350.6
1375.0
1363.0
1356.4
1355.4
1342.1
1366.1
1353.3
1388.1
1355.4
1355.6
1363.0
1359.0
1361.1
1347.8
1370.9
1364.9
1413.1
1365.4
1400.5
1347.1
1361.1
1342.1
1356.1
1396.9
1351.8
1390.5
1357.3
1361.1
1348.0
1345.4
1368.3
1354.9
1354.7
1356.8
1346.6
1409.5
1370.2
1361.6
1342.1
1349.7
1365.4
1364.0
1367.1
1344.4
1348.3
1377.3
1371.4
1338.0
1360.9
1349.9
1344.9
1402.6
1410.5
1380.0
1408.6
1355.6
1361.4
1349.2
1364.7
1344.0
1360.2
1364.7
1347.1
1368.8
1348.0
1383.3
1357.8
1351.8
1339.9
1342.5
1368.8
1351.1
1338.0
1358.7
1346.3
1410.0
1356.6
1344.7
1353.0
1354.9
1341.6
1357.8
1373.1
1341.8
1417.9
1344.0
1364.0
1342.8
1370.9
1399.5
1374.5
1337.5
1347.1
1363.5
1348.0
1354.2
1402.6
1344.0
1335.4
1351.6
1407.9
1411.0
1366.6
1355.6
1344.4
1349.7
1358.0
1356.4
1343.3
1346.8
1366.4
1419.3
1381.9
1367.1
1409.8
1368.3
1344.9
1340.2
1354.7
1412.4
1316.1
1336.8
1315.4
1367.3
1306.3
1343.5
1309.4
1328.7
1317.3
1367.6
1313.4
1350.6
1291.3
1321.3
1306.1
1307.5
1326.8
1353.5
1302.5
1313.0
1314.6
1334.4
1303.4
1323.9
1312.5
1315.4
1313.7
1306.8
1314.6
1367.8
1321.3
1318.5
1326.3
1328.5
1328.7
1323.9
1362.6
1312.5
1338.2
1309.2
1318.2
1307.7
1314.4
1310.3
1342.5
1380.0
1308.4
1318.2
1330.6
1348.5
1317.7
1370.0
1334.0
1331.1
1314.4
1308.0
1303.0
1312.3
1333.2
1311.8
1328.9
1309.6
1314.2
1386.6
1321.3
1323.0
1318.9
1304.9
1309.9
1326.8
1304.4
1318.2
1312.3
1334.0
1322.0
1311.5
1306.3
1332.0
1324.9
1323.9
1310.6
1320.6
1307.5
1377.6
1337.1
1335.6
1339.7
1314.9
1328.9
1326.1
1352.3
1332.3
1301.3
1355.6
1300.6
1314.9
1294.9
1342.5
1315.6
1339.7
1332.8
1328.0
1335.6
1318.7
1340.9
1335.9
1322.0
1349.2
1305.3
1326.6
1339.2
1320.1
1323.9
1307.0
1320.6