3865327.1
1639.6
1534.7
1488.7
1457.5
1471.0
1494.2
1474.6
1431.7
1427.7
1448.4
1431.2
1430.3
1424.3
1428.1
1422.9
1420.5
1422.9
1432.9
1421.7
1454.4
1502.5
1456.0
1442.2
1417.6
1435.0
1485.6
1418.6
1450.8
1485.8
1428.6
1420.5
1437.4
1484.2
1450.5
1430.7
1414.3
1428.1
1421.7
1474.1
1445.3
1426.9
1420.0
1440.3
1480.8
1486.1
1481.1
1409.1
1461.7
1444.8
1410.0
1410.5
1437.2
1432.9
1453.9
1424.1
1450.3
1468.9
1421.5
1412.4
1430.7
1425.3
1442.7
1419.3
1420.3
1479.9
1429.6
1452.0
1451.3
1437.7
1427.2
1421.0
1478.4
1433.8
1426.7
1490.8
1419.1
1436.0
1428.4
1422.4
1418.1
1419.1
1451.5
1414.1
1457.5
1420.7
1457.0
1427.2
1442.0
1491.3
1412.6
1478.4
1416.7
1436.0
1422.6
1425.5
1451.5
1457.7
1417.6
1418.1
1438.6
1421.5
1493.0
1416.9
1416.4
1451.5
1423.1
1452.0
1445.5
1461.3
1445.3
1450.1
1416.7
1423.1
1429.1
1418.1
1437.7
1406.7
1448.6
1425.0
1423.1
1421.2
1446.5
1417.2
1432.4
1444.3
1415.5
1434.1
1425.7
1414.8
1437.4
1436.9
1442.2
1429.1
1485.1
1416.9
1419.5
1423.6
1418.4
1449.6
1437.9
1435.8
1422.2
1464.8
1421.2
1423.8
1426.2
1420.0
1450.8
1430.3
1412.9
1433.1
1422.9
1453.4
1435.8
1440.3
1426.5
1423.8
1453.6
1435.0
1417.4
1416.7
1451.0
1416.7
1428.8
1416.9
1419.3
1421.0
1438.9
1447.4
1417.6
1452.0
1439.6
1451.0
1499.9
1431.5
1423.6
1446.2
1486.8
1415.0
1428.8
1426.7
1445.8
1430.3
1398.6
1390.0
1436.9
1391.6
1437.9
1388.5
1385.0
1377.1
1382.6
1406.9
1433.8
1387.1
1387.4
1406.4
1383.8
1411.0
1381.9
1414.3
1393.1
1395.5
1379.0
1370.7
1383.1
1422.9
1376.4
1382.8
1392.4
1387.8
1398.8
1389.7
1377.1
1414.5
1405.5
1453.4
1377.8
1379.0
1387.6
1378.8
1437.9
1376.2
1381.4
1406.2
1401.4
1406.4
1376.9
1392.1
1440.8
1409.8
1401.4
1384.5
1379.7
1398.6
1370.7
1382.8
1382.4
1394.5
1397.1
1385.7
1373.1
1410.0
1407.6
1454.6
1379.5
1392.1
1413.6
1386.2
1381.9
1386.6
1399.8
1383.8
1387.6
1387.8
1446.2
1379.0
1381.6
1403.3
1407.1
1408.3
1451.5
1410.0
1394.5
1439.1
1388.1
1403.6
1396.2
1383.1
1403.6
1366.6
1409.3
1388.1
1396.2
1389.3
1436.5
1411.0
1404.5
1386.2
1397.6
1402.6
1388.1
1384.7
1439.6
1384.5
1388.5
1414.8
1386.9
1406.7
1393.8
1386.2
1414.3
1380.4
1379.7
1391.9
1377.1
1415.7
1392.6
1386.2