3144420.4
30084.6
1659.2
1407.1
1419.1
1369.7
1341.8
1370.0
1335.9
1339.4
1348.7
1349.0
1347.8
1359.9
1342.1
1338.2
1325.8
1338.5
1345.9
1327.3
1366.4
1402.9
1370.0
1337.8
1349.9
1339.0
1336.8
1339.7
1399.0
1340.4
1337.8
1328.7
1338.7
1334.4
1323.0
1336.6
1337.3
1389.5
1346.1
1342.5
1370.7
1416.2
1327.8
1359.5
1353.5
1365.4
1328.9
1353.5
1334.9
1354.9
1346.1
1386.9
1363.0
1404.8
1346.8
1338.7
1332.3
1363.0
1344.0
1348.5
1360.9
1352.5
1351.1
1334.7
1352.8
1344.4
1368.3
1339.7
1372.1
1327.5
1349.7
1335.9
1374.0
1345.4
1333.2
1355.6
1346.6
1323.2
1335.9
1329.9
1336.6
1366.4
1360.2
1339.9
1337.1
1398.3
1377.6
1341.1
1331.8
1360.2
1333.2
1297.5
1345.6
1314.9
1302.5
1292.0
1300.8
1283.2
1284.8
1290.1
1299.1
1324.7
1312.0
1315.6
1300.3
1305.8
1317.3
1303.4
1327.8
1298.4
1298.0
1293.9
1290.3
1332.5
1325.8
1307.0
1293.9
1291.0
1302.2
1307.2
1288.7
1305.1
1310.6
1316.8
1294.4
1284.6
1311.8
1292.9
1301.3
1333.7
1294.1
1327.0
1296.0
1284.8
1295.6
1289.6
1290.8
1324.9
1287.9
1311.5
1296.3
1295.8
1279.8
1315.1
1327.5
1279.1
1304.6
1322.3
1312.7
1293.9
1295.3
1295.3
1291.3
1294.6
1313.4
1273.6
1281.7
1281.0
1285.6
1289.8
1298.0
1296.0
1292.9
1285.3
1282.5
1293.9
1284.8
1304.1
1300.6
1292.7
1297.5
1292.7
1291.3
1292.0
1304.9
1290.3
1339.2
1289.4
1282.7
1307.5
1315.6
1285.6
1291.0
1300.8
1299.6
1300.3
1330.9
1298.9
1295.1
1293.4
1283.2
1346.6
1296.8
1286.7
1297.2
1283.6
1282.2
1286.7
1296.5
1293.7
1299.1
1303.9
1302.7
1297.5
1289.6
1357.1
1280.5
1301.3
1288.2
1293.4
1307.0
1302.5
1285.3
1315.4
1317.3
1288.2
1294.6
1303.0
1288.4
1293.7
1300.1
1344.0
1302.5
1319.9
1304.9
1308.4
1291.0
1296.8
1346.8
1312.0
1298.4
1304.1
1307.0
1282.9
1314.4
1286.3
1310.6
1305.1
1359.0
1313.4
1289.4
1291.8
1290.8
1300.1
1306.8
1296.3
1340.6
1332.3
1302.7
1317.0
1302.7
1333.7
1342.3
1332.0
1313.9
1350.9
1289.6
1301.8
1301.8
1284.8
1296.3
1301.5
1308.4
1318.9
1327.8
1299.4
1348.3
1317.7
1292.5
1296.5
1298.7
1334.4
1314.6
1296.5
1299.4
1303.4
1292.7
1308.4
1330.9
1328.2
1320.8
1301.5
1357.6
1300.6
1313.0
1294.6
1299.9
1317.3
1306.8
1285.1
1319.9
1305.6
1287.2
1298.7
1291.3
1342.5
1297.2
1293.2
1310.8
1300.8