127906.1
3324.7
3074.4
3076.3
3079.7
3089.7
3072.7
3047.7
3074.4
3069.9
3071.5
3108.5
3074.9
3089.2
3053.7
3043.2
3050.6
3057.0
3048.2
3075.8
3056.5
3053.4
3076.1
3052.7
3051.8
3054.9
3066.8
3055.6
3055.1
3045.3
3059.4
3039.4
3033.9
3073.9
3137.1
3117.3
3084.9
3060.3
3064.4
3061.3
3045.1
3073.2
3041.5
3030.8
3074.2
3019.8
3051.3
3099.7
3048.9
3062.0
3055.1
3056.3
3049.6
3052.2
3043.7
3137.8
3080.1
3064.9
3058.9
3038.6
3119.9
3070.4
3056.3
3056.8
3075.6
3096.6
3050.6
3055.6
3094.2
3064.2
3063.2
3048.2
3057.5
3048.2
3057.5
3107.1
3077.5
3067.7
3063.9
3073.7
3046.8
3089.0
3067.5
3062.5
3042.9
3089.7
3068.0
3052.9
3056.5
3036.5
3052.2
3044.8
3052.2
3060.1
3048.9
3086.3
3048.2
3066.3
3058.9
3047.2
3054.1
3069.6
3033.2
3056.5
3036.0
3045.8
3064.6
3058.7
3051.5
3071.5
3063.2
3133.8
3054.1
3068.9
3079.7
3065.8
3062.7
3096.3
3078.9
3038.6
3069.6
3051.0
3030.8
3041.7
3044.1
3050.3
3053.7
3055.6
3098.0
3042.9
3037.5
3055.1
3039.1
3040.8
3090.6
3071.5
3019.1
3026.7
3037.0
3092.3
3026.5
3045.3
3063.4
3037.2
3068.7
3056.0
3043.4
3093.5
3086.8
3094.4
3077.5
3058.7
3035.8
3054.4
3017.2
3046.8
3052.7
3030.5
3026.2
3024.1
3035.8
3055.1
3056.0
3058.4
3041.3
3066.3
3042.5
3057.2
3032.9
3042.9
3044.1
3066.8
3062.5
3052.5
3052.0
3036.3
3037.5
3068.2
3042.2
3068.4
3060.3
3061.1
3066.3
3057.5
3075.8
3054.4
3062.2
3069.2
3112.3
3032.7
3076.8
3033.4
3043.7
3046.0
3046.0
3063.4
3079.7
3051.8
3046.5
3048.9
3067.5
3056.0
3071.8
3041.5
3088.7
3033.9
3046.8
3058.0
3061.3
3049.4
3069.4
3112.8
3055.8
3044.6
3076.1
3052.7
3043.9
3069.9
3051.8
3041.0
3105.2
3063.2
3127.3
3079.2
3089.9
3056.3
3125.0
3117.6
3054.4
3061.8
3072.0
3044.1
3062.5
3043.9
3056.5
3063.4
3066.3
3038.6
3039.8
3047.0
3107.8
3026.2
3058.4
3105.9
3052.2
3068.7
3085.6
3053.9
3057.7
3042.9
3038.4
3049.6
3050.1
3055.1
3051.5
3054.1
3071.5
3042.2
3059.9
3070.4
3071.8
3066.8
3046.5
3046.5
3167.9
3151.7
3092.1
3043.4
3047.0
3075.8
3050.1
3065.3
3097.1
3095.6
3118.0
3085.1
3068.0
3047.7
3083.0
3054.1
3080.1
3076.3
3100.6
3073.0
3059.6
3062.2
3133.8
3077.7
3063.9
3074.6
3053.7
3074.2
3081.3
3080.1
3071.8
3087.0
3072.5
3058.7
3095.9
3093.0