4588.4
1307.3
1251.9
1231.6
1162.4
1155.4
1169.4
1158.1
1195.7
1154.0
1155.1
1148.5
1161.5
1147.7
1175.6
1184.4
1152.0
1148.1
1157.1
1154.8
1190.0
1183.2
1209.0
1153.1
1149.2
1152.2
1186.0
1145.3
1152.3
1148.7
1167.3
1158.2
1202.0
1143.8
1153.6
1151.8
1226.9
1200.8
1192.3
1192.4
1195.1
1227.3
1189.3
1177.3
1162.8
1167.4
1166.2
1171.9
1164.3
1176.7
1179.3
1188.7
1196.3
1165.6
1174.6
1160.4
1164.1
1184.3
1171.1
1163.0
1178.0
1156.1
1172.9
1198.7
1139.4
1169.1
1172.1
1166.1
1168.2
1175.8
1167.8
1189.5
1170.7
1138.6
1170.7
1143.9
1160.4
1195.0
1171.1
1186.3
1224.6
1204.0
1184.5
1154.9
1157.8
1172.8
1167.4
1162.3
1160.4
1152.0
1154.7
1147.0
1181.8
1213.3
1212.1
1188.1
1189.7
1213.0
1162.1
1192.0
1155.7
1150.7
1158.5
1161.7
1156.8
1183.7
1177.0
1230.4
1208.2
1188.0
1181.6
1163.9
1162.4
1178.2
1192.5
1150.7
1181.0
1157.6
1168.6
1180.8
1180.7
1226.6
1215.6
1193.0
1241.9
1161.5
1197.7
1155.6
1144.8
1154.4
1179.1
1164.1
1182.1
1158.8
1150.1
1156.7
1163.8
1152.3
1186.2
1151.0
1144.4
1148.2
1159.5
1152.6
1184.3
1167.5
1154.4
1157.1
1131.2
1168.1
1192.8
1166.5
1156.5
1173.7
1137.6
1159.0
1202.1
1176.7
1159.7
1155.1
1141.7
1161.2
1195.4
1177.2
1159.2
1167.6
1165.9
1181.4
1196.4
1160.1
1164.7
1167.8
1161.0
1172.3
1197.9
1162.2
1135.9
1172.7
1170.3
1170.8
1187.7
1159.4
1135.0
1180.6
1169.1
1160.7
1181.6
1160.3
1167.7
1164.5
1167.3
1189.8
1186.4
1135.6
1165.4
1180.5
1163.5
1192.6
1166.3
1162.9
1164.9
1185.6
1177.9
1199.4
1166.4
1168.0
1150.4
1176.8
1163.9
1189.0
1163.9
1166.5
1151.6
1163.1
1189.0
1168.8
1170.7
1165.9
1185.2
1172.8
1209.6
1167.6
1165.1
1162.3
1166.3
1171.3
1183.6
1162.1
1174.6
1173.8
1172.1
1190.8
1179.9
1172.1
1172.2
1171.3
1160.3
1202.6
1169.1
1164.8
1176.3
1191.8
1202.3
1208.9
1165.7
1165.3
1173.5
1168.5
1191.0
1167.7
1157.0
1174.0
1173.8
1173.4
1180.1
1177.5
1134.3
1167.0
1175.8
1185.4
1179.7
1172.6
1175.5
1170.8
1170.0
1190.2
1165.2
1172.1
1175.3
1173.0
1179.6
1179.9
1165.7
1173.9
1176.1
1143.7
1191.0
1184.1
1160.3
1165.7
1173.3
1162.0
1196.8
1162.5
1173.0
1141.2
1173.7
1161.1
1192.3
1163.6
1166.1
1184.6
1214.2
1201.8
1203.0
1189.5
1168.3
1207.7
1201.9
1172.3