3139960.8
28033.3
1655.3
1392.4
1369.7
1347.3
1341.1
1369.5
1358.5
1343.7
1349.0
1351.4
1344.2
1334.2
1377.8
1359.9
1340.4
1396.4
1404.5
1344.0
1355.6
1336.1
1350.2
1329.9
1369.0
1360.9
1344.4
1332.3
1396.9
1343.5
1408.1
1356.8
1341.8
1341.8
1339.4
1361.1
1364.5
1328.5
1332.5
1364.9
1338.0
1325.8
1340.4
1339.0
1340.4
1385.5
1337.8
1351.6
1347.1
1362.1
1365.7
1316.8
1345.4
1334.2
1348.0
1328.5
1354.7
1347.3
1334.7
1359.9
1341.6
1349.4
1345.4
1346.8
1328.7
1336.6
1334.0
1348.7
1362.8
1336.8
1342.1
1332.8
1324.4
1320.6
1338.7
1350.2
1328.9
1322.7
1324.4
1317.5
1344.0
1334.7
1304.9
1354.5
1342.1
1289.4
1295.8
1293.7
1295.8
1327.5
1309.2
1288.2
1326.6
1305.6
1317.5
1289.6
1284.8
1280.8
1313.2
1302.0
1306.5
1305.6
1306.5
1305.3
1310.3
1298.4
1289.1
1334.0
1288.7
1316.3
1287.7
1295.1
1362.1
1305.8
1297.2
1300.1
1305.1
1294.1
1285.1
1315.8
1316.1
1300.6
1299.9
1296.5
1318.7
1299.4
1291.5
1303.9
1290.8
1304.9
1290.8
1297.2
1345.2
1285.3
1303.9
1309.2
1304.4
1301.8
1299.6
1328.9
1353.0
1300.3
1300.6
1283.9
1300.3
1281.0
1302.2
1291.5
1298.9
1348.0
1302.5
1288.9
1297.0
1301.3
1287.9
1343.5
1292.0
1301.3
1281.7
1302.5
1304.6
1314.2
1300.3
1318.5
1316.5
1285.1
1293.7
1303.9
1340.9
1294.6
1318.5
1286.3
1292.7
1289.8
1318.9
1306.1
1312.5
1292.5
1341.1
1326.3
1296.3
1286.5
1335.1
1293.2
1342.8
1305.8
1286.7
1301.5
1301.3
1315.8
1292.7
1352.3
1281.7
1308.0
1328.7
1303.7
1305.6
1320.6
1287.2
1348.7
1296.0
1301.5
1314.9
1289.1
1303.2
1329.7
1301.1
1283.4
1346.6
1294.9
1338.5
1328.9
1312.7
1336.1
1322.7
1300.6
1288.7
1302.2
1281.3
1304.1
1289.6
1298.4
1313.7
1293.9
1290.3
1336.8
1308.0
1287.7
1307.0
1318.7
1287.9
1294.1
1320.4
1333.0
1290.6
1333.5
1301.8
1296.5
1301.8
1293.2
1297.7
1335.1
1352.5
1301.1
1295.8
1309.4
1362.1
1349.9
1285.8
1277.0
1312.7
1311.3
1300.3
1319.6
1328.5
1275.5
1300.1
1302.5
1359.0
1335.1
1286.0
1286.0
1300.1
1313.2
1284.6
1288.2
1282.0
1288.7
1304.6
1294.1
1303.2
1318.0
1294.4
1345.9
1295.3
1292.5
1349.7
1328.2
1321.1
1354.2
1296.5
1291.0
1317.7
1306.8
1288.4
1287.7
1312.7
1283.9
1309.9
1286.0
1364.2
1346.3
1301.5
1293.2
1297.5
1347.8
1299.1
1359.0
1305.3
1331.8