3626563.1
9735.1
1344.9
496488.1
6591.8
3976.1
2519.8
2131.9
1282.0
1937.9
1275.8
1284.8
1954.8
1344.9
1359.0
1354.0
3762.0
1282.9
1303.0
1277.0
1292.9
3015.0
1293.2
1278.9
1341.8
1281.0
1267.0
2301.0
1278.9
1273.2
1296.0
1277.0
1278.2
1329.9
1992.0
1303.0
1286.0
1276.0
1343.0
1286.0
1277.0
1307.0
1939.1
1278.9
1283.2
1339.9
1345.9
1287.0
1284.8
1273.9
1267.9
1960.0
1287.9
1268.9
1305.1
1275.1
1343.0
1271.0
1275.1
1290.1
1286.0
1955.0
1319.2
1348.0
1297.0
1277.2
1303.9
1273.2
1294.1
1340.9
1301.1
1279.8
1967.0
1282.0
1291.0
1291.0
1268.9
1309.2
1308.0
1287.0
1277.0
1291.0
1285.1
1276.0
1934.1
1285.1
1272.9
1268.9
1287.0
1282.9
1289.1
1268.9
1289.8
1287.9
1272.9
1272.9
1282.0
1960.0
1299.1
1290.1
1268.9
1292.9
1304.1
1281.0
1268.9
1278.2
1336.1
1296.0
1286.0
1321.1
1275.1
1941.0
1286.0
1313.2
1330.9
1280.8
1286.0
1267.0
1279.1
1283.9
1337.8
1302.0
1278.9
1310.1
1295.1
1307.0
2339.1
1294.1
1308.9
1277.2
1291.0
1277.9
1282.0
1262.9
1275.1
1275.1
1280.1
1303.9
1339.0
1319.9
1272.2
1286.0
1267.9
1294.1
1271.0
1288.9
1267.0
1306.1
2028.9
1248.1
1236.0
1247.2
1257.9
1246.9
1295.1
1242.9
1308.9
1251.9
1268.9
1240.0
1233.8
1240.0
1237.9
1258.1
1245.0
1239.1
2039.0
1248.1
1241.9
1282.9
1243.1
1261.9
1300.1
1245.0
1308.0
1241.0
1236.9
1256.9
1236.0
1234.1
1241.0
1237.9
1257.2
1282.0
1241.0
1252.9
1251.2
1244.8
1236.9
1239.1
1251.9
1248.8
2665.0
1261.0
1256.0
1300.1
1297.0
1234.1
1272.0
1240.0
1261.0
1298.2
1250.0
1256.9
1249.1
1251.9
1266.0
1251.9
1260.0
1247.9
1259.1
1302.0
1231.9
1267.2
1254.1
1238.8
2013.9
1233.1
1233.1
1250.0
1253.8
1287.9
1305.1
1236.0
1296.0
1239.1
1264.1
1260.0
1231.0
1305.1
1297.0
1261.9
1244.8
1298.9
1265.0
1245.0
1261.0
1252.2
1237.9
1251.9
1296.0
1246.9
1267.2
1987.9
1266.0
1241.0
1248.1
1267.9
1254.1
1254.1
1250.0
1240.0
1260.0
1228.1
1231.0
1261.0
1230.0
1250.0
1298.9
1279.1
1259.1
1272.9
1236.9
1244.1
1242.9
1284.8
1292.0
1237.9
1256.0
1249.1
1241.0
1291.0
1977.2
1245.0
1308.0
1303.2
1241.0
1297.0
1257.2
1231.9
1239.1
1244.1
1254.1
1297.0
1261.0
1280.1
1271.0
1235.0
1261.0
1246.0
1240.0
1255.0
1258.1
1250.0
1308.0
1253.1
1241.0
1253.1
1246.0
1236.0