3869480.4
1604.1
1481.3
1475.8
1458.6
1429.8
1439.3
1416.0
1423.1
1429.1
1459.1
1475.3
1447.2
1447.4
1426.2
1427.4
1411.0
1426.2
1424.6
1475.8
1452.7
1437.2
1439.3
1419.3
1461.0
1432.7
1457.9
1431.2
1420.3
1428.1
1477.0
1437.7
1421.9
1440.5
1410.0
1435.8
1428.6
1453.2
1486.8
1415.7
1423.6
1434.1
1429.3
1490.4
1413.8
1428.1
1418.8
1436.5
1429.1
1423.6
1414.3
1421.0
1419.8
1414.3
1436.9
1438.6
1416.7
1434.3
1428.4
1461.5
1429.6
1426.2
1421.5
1418.6
1435.0
1439.6
1441.2
1418.6
1429.8
1417.9
1432.2
1424.3
1439.6
1440.8
1415.7
1433.6
1431.9
1476.5
1407.4
1415.7
1409.8
1450.3
1432.2
1432.7
1440.3
1439.3
1381.6
1386.2
1384.0
1405.5
1398.6
1409.8
1368.8
1386.4
1378.1
1383.5
1433.6
1379.7
1417.2
1409.8
1381.9
1396.4
1409.5
1431.9
1448.4
1409.1
1379.0
1409.3
1376.4
1404.5
1374.7
1411.7
1393.1
1398.8
1398.3
1385.0
1387.4
1384.7
1380.7
1414.5
1379.3
1388.3
1431.2
1379.0
1377.6
1436.0
1438.9
1436.2
1381.6
1411.2
1395.5
1403.6
1391.4
1390.7
1388.8
1396.4
1373.1
1387.1
1442.4
1395.5
1384.0
1394.5
1375.2
1383.1
1383.5
1385.2
1364.7
1399.3
1383.8
1409.1
1385.7
1403.6
1396.2
1386.9
1407.6
1382.6
1372.3
1397.4
1393.1
1404.0
1435.3
1386.2
1391.6
1401.9
1375.2
1411.7
1381.9
1390.2
1388.8
1393.1
1400.9
1442.4
1403.1
1393.3
1401.2
1369.5
1380.2
1409.5
1386.4
1386.6
1394.0
1377.1
1422.4
1377.3
1400.0
1393.3
1375.7
1432.9
1377.1
1384.3
1406.9
1438.6
1383.3
1381.4
1385.7
1405.0
1392.4
1428.6
1439.8
1397.1
1393.3
1393.1
1408.8
1383.5
1422.6
1404.5
1391.2
1381.2
1380.4
1387.1
1394.0
1380.7
1401.7
1373.8
1362.6
1411.9
1380.9
1384.5
1399.8
1387.6
1386.2
1381.9
1436.7
1380.7
1397.1
1399.8
1405.7
1407.1
1385.7
1394.5
1381.6
1377.8
1388.5
1413.3
1385.0
1436.2
1443.9
1415.0
1421.0
1384.7
1394.0
1388.3
1388.5
1383.8
1447.9
1416.2
1380.2
1457.5
1393.1
1389.5
1393.8
1408.8
1418.4
1390.9
1384.0
1395.2
1423.4
1412.6
1392.6
1413.8
1383.3
1398.8
1410.7
1375.4
1426.2
1396.9
1383.1
1378.5
1427.9
1478.4
1386.6
1408.8
1443.1
1389.7
1391.9
1402.6
1381.4
1389.0
1387.6
1425.3
1384.7
1389.3
1401.9
1390.7
1458.9
1414.1
1386.4
1376.9
1402.4
1405.7
1392.8
1421.2
1447.7
1458.9
1449.3
1390.5
1419.3
1393.3
1406.0
1385.7