1504559.3
1720.2
1450.1
1483.7
1434.8
1521.8
1423.1
1414.8
1432.9
1446.7
1419.1
1445.5
1415.3
1477.7
1487.3
1425.5
1486.1
1433.6
1429.6
1422.6
1453.9
1479.4
1453.6
1426.5
1421.0
1429.6
1488.4
1426.7
1508.5
1466.5
1429.1
1414.5
1421.9
1416.4
1425.3
1419.8
1429.6
1421.7
1411.2
1427.2
1499.2
1430.0
1429.8
1447.0
1462.5
1440.5
1422.2
1418.4
1416.9
1459.4
1442.0
1411.4
1445.8
1469.6
1438.4
1423.4
1414.3
1415.5
1482.0
1413.6
1423.6
1451.3
1482.7
1481.3
1423.8
1418.8
1416.9
1482.0
1423.1
1407.4
1419.1
1441.0
1422.2
1482.5
1455.1
1487.3
1418.8
1446.2
1420.0
1446.7
1422.2
1402.6
1432.9
1439.6
1429.1
1451.5
1493.9
1417.2
1498.9
1421.7
1414.5
1454.6
1447.2
1417.2
1419.5
1447.9
1408.8
1410.5
1416.2
1437.4
1433.6
1415.5
1434.8
1420.0
1425.3
1437.4
1416.9
1479.6
1435.5
1540.2
1438.9
1445.3
1479.4
1484.4
1409.1
1393.6
1389.0
1383.1
1392.1
1422.4
1432.7
1414.3
1396.4
1396.7
1374.0
1440.0
1376.2
1373.5
1387.6
1399.0
1419.5
1376.4
1406.9
1405.0
1388.5
1391.9
1395.7
1377.8
1389.3
1383.3
1393.3
1390.2
1395.0
1379.5
1403.1
1398.6
1377.6
1409.5
1393.6
1374.2
1417.4
1370.4
1402.6
1419.3
1401.9
1447.7
1408.3
1403.1
1400.5
1397.8
1395.5
1433.4
1381.4
1400.9
1391.4
1406.9
1392.4
1388.8
1430.7
1387.8
1393.3
1396.2
1429.3
1461.3
1381.2
1398.3
1381.9
1377.1
1385.9
1388.8
1407.1
1414.3
1390.5
1437.7
1414.3
1413.3
1379.3
1380.4
1375.2
1379.3
1412.2
1433.6
1429.1
1382.1
1444.1
1404.5
1376.6
1387.4
1395.9
1381.2
1439.3
1379.5
1400.5
1406.0
1390.9
1386.9
1386.9
1386.4
1401.2
1427.9
1406.2
1430.7
1439.6
1395.0
1421.9
1388.3
1389.3
1395.0
1375.0
1378.8
1414.1
1392.1
1401.2
1388.8
1366.6
1400.2
1392.8
1404.8
1378.1
1380.4
1433.1
1375.0
1406.9
1388.3
1380.4
1393.6
1391.6
1399.3
1396.7
1395.2
1400.2
1394.3
1395.7
1383.3
1390.5
1410.0
1386.9
1392.8
1393.3
1440.3
1395.7
1409.3
1411.7
1434.6
1389.0
1391.9
1382.4
1385.9
1377.8
1377.1
1420.3
1384.7
1381.4
1402.9
1386.9
1395.9
1396.7
1375.2
1389.5
1432.4
1399.5
1389.3
1426.5
1406.0
1449.3
1411.9
1440.0
1397.1
1388.8
1384.3
1392.4
1384.5
1421.5
1437.7
1399.3
1396.2
1396.2
1386.2
1409.8
1398.8
1400.2
1398.3
1406.4
1405.5
1389.0
1412.4
1386.2
1426.0
1386.6
1395.9