135751.0
3323.3
3100.4
3126.6
3101.6
3071.5
3057.5
3036.3
3087.0
3071.3
3066.3
3045.6
3058.2
3064.9
3309.0
3071.8
3047.9
3035.8
3072.7
3072.3
3066.5
3041.3
3063.4
3027.0
2997.6
3037.7
3022.4
2980.0
3038.9
3011.5
3009.3
3028.6
3021.7
3047.2
3005.0
3035.8
3050.1
3007.2
3014.8
3020.8
3011.7
3017.4
3023.9
3006.2
2993.6
3002.4
3022.7
3045.3
3007.9
3013.4
3007.4
3010.7
3009.1
3061.5
3101.1
3014.3
3013.8
3046.5
3027.7
3156.7
3036.7
3019.3
2993.3
3085.1
3020.5
3010.3
3030.5
3068.9
3046.3
3071.3
3014.8
3012.7
3025.5
3037.5
3014.3
3061.1
3003.4
3011.0
3041.0
3026.7
3063.0
3030.1
3017.9
3019.1
3016.9
3024.1
3033.4
3017.7
2996.4
3008.4
3010.7
3001.9
3011.5
3016.5
2990.5
3019.6
3011.2
3020.5
3010.7
3015.0
3064.4
3042.0
3015.0
2987.1
2996.9
2994.3
2988.1
3020.0
3021.2
2993.8
3013.4
2992.2
3012.7
3150.2
3044.4
3018.1
3048.7
3023.6
3107.8
3062.0
3043.2
3003.8
3014.6
3005.0
3030.5
3031.3
3047.7
3018.4
3008.1
2994.8
3025.5
2997.4
3002.4
2993.8
3023.4
3037.7
3003.6
2997.2
2983.8
3037.5
2989.5
3013.1
2991.9
3026.7
3008.4
3027.4
3067.7
3029.1
2994.5
3022.7
3015.8
3019.1
3077.7
3007.2
3032.7
3016.2
3026.5
3030.8
3017.2
3025.1
3036.5
3030.8
3053.9
3055.6
3018.6
3030.3
3011.5
3003.1
3042.2
3030.3
3008.1
3035.1
3011.9
3007.7
3011.2
3018.6
3072.0
3037.5
3018.4
3039.1
2989.8
2999.3
3011.7
2999.8
2991.7
3032.7
3000.3
3035.8
3016.5
3016.2
3016.2
3024.6
3055.6
3007.7
3030.8
3016.7
3067.0
2998.4
3020.0
3024.8
3057.7
3032.9
3029.1
3023.1
3021.7
3044.1
3026.7
3015.8
3017.2
3015.5
3001.9
3031.0
3058.7
3004.8
2995.3
3014.8
3009.1
3020.5
3049.4
3003.6
2993.8
3001.0
2970.7
3067.7
2993.6
3003.8
3004.8
3064.2
3000.7
3038.4
3044.4
3046.3
3027.7
3021.7
3039.8
3013.1
3074.6
3001.5
3014.3
3005.0
3027.9
3007.9
3018.1
3012.9
2993.6
3042.9
3011.0
3011.5
2996.7
3001.5
2983.3
3032.7
3016.7
3017.9
3021.0
3004.6
3042.0
2988.8
3018.6
3005.3
3055.8
3038.9
3023.9
3001.0
3013.4
3029.8
3033.4
3020.0
3016.2
3034.8
3127.3
3013.4
3015.0
3001.7
3016.7
3010.0
3072.3
3014.3
3032.9
3012.2
3037.9
3015.0
2994.8
3009.6
3025.3
3027.4
3008.4
3076.8
3020.8
3044.8
2990.0
3045.1
2987.9
2999.5
3030.1
3041.3
3015.3
3005.7
3021.7
3005.0