3890627.9
1697.3
1472.9
1467.0
1494.2
1478.2
1471.8
1527.1
1450.5
1457.7
1484.6
1462.7
1447.4
1454.8
1453.9
1459.1
1443.4
1451.5
1450.8
1474.4
1472.7
1445.1
1465.6
1522.5
1532.3
1473.9
1467.9
1473.7
1495.8
1461.7
1471.3
1468.7
1510.1
1445.3
1466.3
1521.1
1436.9
1465.3
1439.6
1520.9
1447.2
1468.2
1455.5
1488.2
1449.6
1503.2
1448.2
1520.4
1461.0
1466.5
1470.8
1462.2
1455.5
1471.0
1450.1
1447.0
1469.9
1453.6
1457.0
1459.6
1512.3
1484.9
1480.8
1445.3
1461.3
1471.8
1516.3
1447.2
1507.3
1493.5
1451.5
1451.3
1470.8
1410.0
1413.3
1428.1
1418.8
1476.5
1464.8
1411.0
1417.4
1469.9
1434.8
1466.0
1414.8
1431.9
1483.4
1411.7
1433.1
1429.1
1428.6
1428.1
1409.8
1440.3
1420.7
1434.3
1427.4
1415.3
1424.1
1412.6
1430.3
1411.9
1465.3
1438.6
1447.7
1421.5
1473.9
1436.5
1476.0
1421.9
1440.3
1431.0
1423.4
1431.9
1434.1
1418.6
1425.0
1403.3
1436.7
1414.1
1409.1
1421.5
1411.2
1474.4
1408.6
1434.1
1433.4
1473.7
1423.1
1421.9
1431.5
1433.8
1481.5
1428.8
1424.3
1415.0
1470.6
1451.7
1457.9
1416.4
1407.1
1428.1
1413.8
1470.1
1414.1
1412.6
1472.7
1407.9
1447.0
1399.0
1424.8
1415.3
1430.3
1428.6
1410.7
1437.2
1446.7
1437.2
1404.8
1418.1
1436.7
1418.4
1427.4
1412.4
1437.9
1416.7
1431.5
1434.1
1467.0
1417.4
1429.3
1479.9
1467.9
1415.5
1426.0
1466.0
1409.5
1407.6
1433.6
1434.8
1427.2
1424.3
1429.8
1409.5
1410.7
1440.8
1401.2
1435.0
1449.8
1413.3
1422.6
1406.2
1429.1
1413.8
1420.0
1440.0
1428.4
1431.5
1409.1
1444.3
1403.1
1446.7
1469.6
1415.5
1432.4
1419.5
1494.4
1425.0
1428.6
1430.5
1427.7
1476.3
1427.4
1422.9
1415.5
1429.1
1470.3
1453.4
1432.7
1423.1
1422.4
1419.3
1441.5
1483.0
1419.1
1406.7
1433.8
1464.6
1415.0
1416.7
1448.9
1420.7
1412.4
1436.7
1410.2
1427.2
1431.2
1415.7
1427.9
1428.4
1425.5
1420.7
1408.3
1479.6
1428.4
1431.9
1418.1
1441.0
1430.3
1480.1
1419.8
1426.2
1423.1
1441.5
1416.7
1473.7
1444.8
1447.4
1423.8
1468.4
1419.5
1446.0
1419.5
1418.1
1413.8
1422.2
1418.8
1444.1
1485.3
1427.2
1465.1
1424.6
1449.3
1407.9
1406.2
1457.7
1489.2
1424.8
1417.9
1450.5
1432.7
1413.3
1422.2
1416.9
1448.9
1477.7
1430.0
1431.5
1424.8
1454.6
1422.4
1407.1
1485.3
1452.7
1417.9
1425.0
1427.7
1425.0
1423.1
1419.8