1496655.2
1725.9
1451.3
1474.6
1435.3
1437.7
1435.8
1445.3
1442.2
1418.8
1443.1
1431.2
1448.4
1421.0
1439.1
1461.0
1407.9
1410.0
1445.1
1435.0
1419.8
1432.7
1435.8
1418.8
1419.3
1431.9
1436.2
1483.4
1413.8
1436.7
1417.2
1412.9
1409.5
1446.7
1427.9
1441.2
1431.2
1422.9
1430.0
1428.6
1419.3
1419.8
1439.6
1417.2
1410.7
1442.9
1411.2
1421.0
1440.0
1430.0
1425.5
1421.5
1419.8
1425.0
1453.6
1424.3
1428.8
1444.1
1418.1
1444.1
1413.1
1416.2
1429.3
1429.1
1448.2
1435.3
1450.8
1474.9
1416.7
1452.9
1444.8
1448.6
1437.7
1420.3
1423.6
1420.7
1437.7
1411.2
1487.0
1424.8
1442.4
1445.5
1413.1
1412.4
1429.6
1431.5
1420.3
1435.0
1453.2
1427.9
1463.4
1431.2
1417.6
1410.2
1433.8
1441.5
1419.1
1414.1
1428.4
1452.9
1478.2
1413.1
1437.9
1478.4
1433.6
1416.0
1430.7
1421.5
1428.4
1419.3
1438.4
1423.4
1456.7
1461.7
1423.1
1435.3
1422.6
1444.6
1447.4
1411.9
1447.4
1433.8
1418.6
1444.8
1419.1
1455.1
1413.1
1413.3
1423.6
1433.8
1426.2
1436.7
1418.1
1416.7
1448.4
1484.6
1446.7
1425.7
1411.0
1417.2
1408.6
1431.7
1432.7
1439.6
1416.0
1415.0
1453.9
1402.1
1422.2
1478.7
1430.0
1425.3
1408.6
1415.3
1423.6
1484.6
1429.3
1421.7
1416.7
1452.9
1433.6
1426.9
1421.0
1489.4
1413.3
1420.0
1431.2
1424.6
1412.4
1439.6
1414.3
1420.7
1451.7
1424.1
1438.4
1418.4
1433.6
1461.0
1408.1
1422.6
1430.5
1428.1
1418.8
1426.7
1438.4
1482.5
1414.3
1427.2
1475.3
1427.2
1431.9
1447.0
1444.1
1418.4
1384.0
1401.2
1397.4
1380.7
1396.7
1390.7
1392.1
1382.6
1430.3
1391.4
1385.0
1397.6
1387.1
1411.0
1385.9
1397.8
1389.0
1383.5
1367.6
1400.2
1390.2
1390.5
1364.9
1381.4
1444.8
1402.6
1377.8
1405.2
1396.4
1430.5
1422.4
1389.5
1404.8
1377.1
1372.3
1446.5
1395.7
1400.5
1407.4
1377.3
1370.7
1380.0
1377.6
1381.2
1405.0
1383.1
1369.5
1371.4
1370.0
1414.8
1378.3
1373.3
1387.6
1410.7
1385.7
1400.2
1393.3
1376.4
1391.4
1432.2
1380.4
1396.7
1395.5
1399.5
1372.8
1430.0
1407.1
1399.5
1377.1
1406.2
1408.1
1390.2
1431.9
1385.7
1379.5
1397.1
1373.8
1388.3
1443.6
1396.9
1395.9
1420.3
1378.3
1399.8
1386.4
1384.3
1382.8
1401.7
1419.5
1375.9
1402.4
1383.1
1408.1
1386.6
1412.9
1389.3
1384.0
1412.2
1449.6
1387.1
1401.2
1428.1
1370.9
1395.7
1383.3
1422.2