566599.8
9172.9
1352.1
13509.0
4695.9
2549.2
2182.0
1835.1
1289.1
1808.2
1272.9
1283.2
1808.9
1277.9
1281.0
1265.0
1798.2
1293.9
1289.1
1293.9
1277.9
1807.0
1291.0
1303.0
1291.0
1277.9
1348.0
1805.8
1266.0
1307.0
1292.0
1270.1
1278.2
1293.9
1893.0
1270.1
1279.1
1290.1
1277.9
1311.1
1277.0
1287.9
1806.0
1292.0
1290.8
1273.9
1328.0
1264.8
1295.8
1277.9
1287.9
1828.0
1280.1
1285.1
1282.9
1307.0
1296.0
1289.1
1292.0
1283.2
1286.0
1797.0
1290.1
1285.1
1277.9
1270.1
1281.0
1295.1
1299.1
1273.9
1273.2
1308.9
1807.0
1283.9
1279.8
1341.1
1300.1
1267.0
1294.1
1308.0
1348.0
1279.1
1271.0
1282.0
1801.0
1277.9
1272.0
1281.0
1308.2
1272.9
1297.0
1295.8
1270.1
1310.1
1296.0
1267.0
1270.1
1791.0
1293.9
1287.0
1270.8
1284.8
1316.8
1271.0
1304.9
1268.1
1287.9
1308.2
1278.9
1283.2
1267.9
1797.0
1286.0
1268.9
1270.8
1269.8
1266.0
1286.0
1276.0
1276.0
1338.0
1335.1
1304.9
1272.9
1279.1
1322.0
1818.9
1271.0
1279.8
1274.8
1292.9
1285.1
1272.9
1274.1
1312.0
1269.1
1267.0
1274.1
1308.0
1282.9
1298.0
1282.2
1271.0
1352.1
1349.9
1281.0
1313.0
1292.9
1809.1
1294.9
1279.8
1287.9
1295.1
1311.1
1282.0
1272.9
1298.0
1277.9
1264.1
1276.0
1241.0
1261.9
1246.9
1313.0
1243.8
1251.2
1823.9
1232.9
1245.0
1284.1
1246.0
1297.0
1260.0
1246.2
1248.8
1230.0
1263.9
1241.9
1306.1
1235.0
1256.9
1243.8
1257.9
1261.9
1257.9
1244.1
1263.1
1282.0
1251.0
1246.0
1298.2
1258.9
1810.8
1251.9
1250.0
1271.0
1273.2
1248.8
1250.0
1304.9
1255.0
1246.9
1251.9
1262.9
1247.2
1240.0
1237.9
1242.9
1250.0
1272.9
1257.9
1265.0
1269.1
1267.9
1259.1
1260.0
1812.9
1246.2
1256.0
1298.9
1261.0
1240.0
1242.9
1266.0
1295.8
1231.9
1299.1
1236.9
1251.9
1260.0
1267.2
1241.9
1248.1
1246.9
1246.0
1311.1
1251.0
1251.0
1253.1
1251.0
1252.9
1250.0
1243.8
1822.0
1259.8
1248.8
1232.9
1241.0
1252.2
1262.9
1243.8
1299.1
1251.9
1255.0
1241.9
1254.1
1306.1
1277.0
1252.9
1235.0
1248.1
1266.0
1250.0
1246.0
1255.0
1247.9
1315.1
1246.9
1271.0
1247.2
1241.9
1244.1
1835.1
1248.1
1248.8
1256.9
1296.0
1277.0
1242.2
1241.0
1233.1
1297.0
1241.0
1267.9
1267.9
1272.9
1235.0
1305.1
1265.0
1251.9
1249.8
1246.0
1250.0
1248.1
1243.8
1264.8
1246.2
1299.9
1261.0
1242.9