55903.2
1430.6
1338.3
1258.7
1246.0
1218.4
1193.6
1207.4
1205.5
1247.6
1232.7
1239.9
1197.1
1224.2
1226.6
1201.1
1203.0
1224.0
1246.5
1221.9
1235.3
1219.9
1226.0
1197.8
1181.2
1203.0
1193.9
1218.8
1159.9
1164.6
1211.9
1196.2
1189.6
1183.5
1191.4
1202.7
1190.7
1174.9
1207.3
1191.3
1208.7
1168.2
1191.4
1239.8
1192.1
1192.5
1164.9
1200.4
1280.6
1199.8
1198.6
1170.0
1220.2
1197.4
1192.1
1215.1
1201.4
1197.3
1187.4
1164.8
1205.3
1161.8
1208.2
1193.3
1184.8
1208.3
1187.9
1168.3
1214.6
1194.1
1174.6
1192.2
1188.7
1222.1
1190.3
1201.7
1202.1
1161.6
1186.3
1191.4
1163.6
1174.5
1161.3
1187.8
1174.2
1207.3
1207.1
1203.7
1194.3
1167.9
1161.8
1163.5
1169.9
1165.2
1217.0
1191.7
1162.0
1180.5
1189.0
1181.0
1171.5
1193.6
1201.7
1165.5
1170.5
1215.5
1162.2
1167.4
1206.9
1192.0
1187.9
1160.1
1162.2
1207.8
1191.0
1177.6
1175.7
1175.7
1177.9
1183.6
1165.7
1194.9
1160.7
1163.8
1180.5
1171.3
1169.3
1196.2
1165.3
1170.5
1184.4
1168.6
1202.2
1189.6
1180.9
1175.7
1169.2
1143.4
1201.9
1164.2
1165.4
1176.1
1174.4
1174.7
1188.1
1166.9
1141.0
1147.6
1163.0
1166.5
1191.0
1166.3
1168.4
1174.4
1179.7
1196.7
1163.5
1164.2
1177.1
1172.8
1169.0
1188.6
1172.1
1163.9
1183.1
1190.7
1197.5
1164.9
1186.6
1179.7
1159.2
1180.5
1193.9
1165.4
1163.9
1192.1
1179.6
1191.1
1172.5
1171.1
1148.3
1183.8
1167.7
1166.3
1164.9
1140.9
1176.4
1164.5
1168.3
1162.1
1170.8
1160.9
1175.9
1164.8
1176.3
1181.1
1169.8
1180.2
1182.4
1168.7
1167.2
1187.3
1164.4
1172.3
1170.0
1182.3
1208.3
1170.1
1167.2
1151.6
1172.5
1163.0
1192.9
1174.1
1172.8
1211.7
1188.3
1202.1
1172.2
1172.7
1178.8
1172.7
1174.5
1185.5
1166.2
1168.2
1185.9
1171.0
1190.5
1175.8
1172.2
1190.9
1179.3
1170.2
1192.9
1157.4
1179.5
1170.1
1166.3
1203.6
1174.4
1172.6
1179.0
1175.1
1184.8
1191.9
1161.1
1164.9
1176.6
1174.3
1180.0
1182.7
1179.7
1166.0
1170.7
1168.2
1188.1
1170.9
1163.1
1183.7
1161.0
1169.1
1189.6
1169.6
1170.3
1167.0
1164.4
1167.1
1164.7
1172.6
1173.9
1179.6
1165.5
1192.0
1187.2
1171.3
1179.7
1166.8
1168.8
1205.9
1166.4
1176.4
1146.1
1162.9
1165.2
1162.3
1168.0
1139.2
1177.9
1178.9
1176.4
1182.1
1176.2
1175.3
1176.8
1163.7
1197.1
1143.4
1171.1
1176.9