4937.5
1318.4
1325.0
1266.2
1213.0
1195.7
1219.1
1227.8
1190.6
1203.8
1220.5
1209.6
1228.3
1188.6
1214.6
1190.5
1216.1
1213.6
1220.6
1221.5
1186.5
1226.2
1217.9
1198.8
1179.0
1160.1
1207.5
1159.4
1161.8
1182.3
1161.0
1167.6
1195.6
1188.8
1183.9
1161.1
1189.9
1168.7
1212.8
1158.4
1195.3
1159.3
1204.8
1195.3
1191.0
1165.6
1158.3
1190.4
1254.2
1214.0
1214.3
1213.3
1220.3
1245.6
1195.0
1159.1
1189.8
1192.1
1181.1
1185.9
1161.2
1157.1
1190.5
1192.1
1197.1
1186.3
1196.3
1191.2
1159.9
1174.3
1163.4
1190.9
1191.7
1157.3
1234.1
1219.2
1187.5
1191.2
1223.2
1228.3
1188.5
1160.2
1157.1
1162.3
1202.6
1192.7
1160.4
1160.7
1176.6
1229.9
1191.5
1192.4
1186.7
1218.4
1180.9
1198.1
1158.9
1153.8
1188.8
1210.4
1187.0
1156.2
1203.5
1251.3
1193.1
1281.6
1193.5
1182.1
1153.6
1182.7
1209.7
1177.6
1179.1
1177.3
1184.2
1193.3
1179.6
1158.0
1182.8
1155.1
1154.5
1186.3
1182.6
1177.6
1156.6
1182.5
1189.1
1183.7
1180.0
1179.7
1183.7
1154.7
1215.6
1188.2
1182.1
1186.8
1158.3
1214.8
1158.4
1156.1
1189.5
1183.4
1184.8
1180.3
1190.3
1154.1
1184.7
1161.9
1199.0
1182.9
1164.2
1157.9
1188.3
1155.8
1219.6
1155.3
1187.2
1160.4
1161.2
1221.0
1189.1
1160.1
1156.7
1177.9
1194.1
1205.4
1156.6
1160.4
1157.8
1177.9
1156.4
1208.3
1150.9
1155.0
1161.5
1186.5
1218.5
1189.9
1186.0
1180.2
1187.5
1155.3
1198.3
1155.7
1187.7
1179.1
1193.1
1219.4
1158.0
1156.8
1185.8
1157.4
1157.3
1180.4
1182.8
1185.2
1157.1
1188.9
1226.5
1189.1
1186.5
1187.7
1188.0
1210.8
1165.1
1184.6
1189.1
1182.0
1200.1
1193.4
1153.8
1193.6
1185.9
1187.8
1206.4
1156.6
1195.7
1185.7
1157.7
1230.3
1190.9
1158.1
1179.6
1157.0
1168.3
1189.0
1163.6
1131.6
1168.5
1168.7
1160.3
1182.6
1169.3
1174.1
1162.6
1182.8
1192.1
1173.7
1158.6
1162.5
1160.5
1183.7
1199.4
1183.9
1163.1
1162.7
1172.1
1155.4
1199.2
1167.4
1164.2
1166.7
1170.8
1197.2
1164.7
1164.0
1167.9
1152.8
1157.3
1200.9
1160.1
1171.4
1168.6
1164.5
1191.3
1201.5
1164.5
1158.9
1163.2
1172.1
1158.1
1194.8
1156.4
1163.0
1167.6
1169.6
1194.1
1165.4
1155.6
1160.4
1160.9
1159.3
1198.4
1169.6
1158.2
1162.8
1162.6
1172.3
1200.1
1167.0
1163.0
1172.0
1155.8
1165.7
1201.0
1167.0
1172.3
1165.0
1160.5
1134.7