51883.0
1432.4
1350.4
1269.0
1261.5
1241.6
1211.6
1218.0
1203.6
1218.5
1206.8
1208.3
1184.6
1218.4
1200.4
1180.1
1235.6
1207.3
1217.3
1185.7
1209.0
1198.9
1193.0
1168.2
1164.0
1197.4
1189.4
1203.2
1173.5
1165.1
1172.0
1190.2
1184.3
1169.9
1202.8
1162.4
1189.1
1213.8
1194.0
1195.8
1190.1
1198.6
1199.7
1185.7
1195.2
1177.4
1197.2
1214.1
1190.2
1171.3
1190.7
1159.7
1189.1
1175.5
1201.8
1193.5
1166.4
1189.9
1229.7
1218.5
1184.7
1217.7
1186.2
1235.4
1185.1
1212.6
1179.5
1205.8
1192.6
1216.4
1207.9
1214.9
1182.8
1189.3
1223.2
1195.0
1195.0
1194.0
1168.2
1200.5
1170.4
1190.3
1171.0
1207.0
1163.8
1201.8
1164.4
1191.8
1182.3
1168.7
1170.8
1186.4
1195.7
1166.3
1174.3
1187.3
1195.2
1183.4
1158.7
1210.2
1193.4
1198.2
1192.4
1193.3
1213.5
1159.4
1202.7
1189.3
1182.9
1210.5
1212.5
1208.4
1216.5
1208.4
1191.7
1208.0
1217.1
1184.7
1208.9
1221.0
1209.7
1201.6
1202.9
1208.7
1209.8
1193.3
1177.7
1208.3
1211.6
1189.8
1207.2
1197.9
1161.7
1189.6
1176.8
1166.1
1166.6
1187.7
1195.5
1188.2
1166.7
1194.0
1188.5
1187.2
1203.4
1165.2
1175.6
1161.7
1169.6
1161.6
1213.4
1181.1
1211.7
1163.7
1190.3
1188.4
1190.6
1194.0
1190.3
1191.6
1170.9
1167.3
1197.6
1184.7
1191.9
1196.8
1182.6
1174.1
1212.7
1191.3
1160.2
1179.5
1182.4
1198.5
1165.3
1189.2
1210.7
1192.0
1192.6
1210.5
1254.1
1211.5
1262.2
1203.5
1193.3
1166.4
1193.4
1166.2
1231.5
1190.4
1195.3
1177.4
1162.9
1177.5
1192.2
1159.1
1191.7
1184.9
1202.1
1189.1
1185.8
1198.9
1167.2
1169.2
1190.9
1160.7
1194.0
1189.0
1198.2
1213.6
1201.0
1206.1
1212.6
1188.4
1169.5
1185.6
1200.2
1212.3
1186.1
1194.4
1184.8
1191.4
1182.2
1196.0
1173.4
1192.0
1188.4
1191.9
1192.5
1172.9
1166.8
1188.4
1187.0
1216.5
1188.7
1166.0
1194.8
1187.0
1215.5
1196.3
1159.5
1186.4
1202.6
1217.7
1190.1
1186.1
1192.0
1173.2
1187.3
1194.6
1169.0
1185.8
1196.6
1167.9
1200.7
1172.3
1203.8
1193.7
1198.8
1206.2
1197.7
1170.1
1192.9
1200.4
1205.4
1205.4
1285.1
1186.6
1218.1
1209.7
1219.3
1200.7
1219.0
1234.7
1208.6
1175.4
1179.7
1209.1
1212.5
1189.9
1191.0
1191.4
1192.3
1208.5
1195.8
1174.2
1183.4
1171.9
1170.1
1176.0
1181.4
1176.8
1176.6
1183.1
1155.4
1147.3
1181.9
1178.8
1174.0
1196.2