3505804.5
32327.2
1704.5
1470.6
1435.0
1424.1
1398.8
1383.3
1369.0
1381.2
1384.7
1365.2
1416.4
1366.1
1365.4
1364.7
1355.4
1344.9
1340.9
1384.0
1367.1
1358.0
1344.2
1364.2
1368.3
1346.8
1383.8
1409.8
1354.9
1343.0
1406.2
1342.8
1361.4
1363.3
1347.3
1369.0
1354.5
1347.3
1348.7
1351.6
1372.1
1359.9
1347.5
1355.6
1380.0
1346.1
1342.3
1351.4
1360.2
1355.6
1364.2
1346.1
1361.6
1354.0
1365.9
1354.7
1354.7
1352.1
1376.2
1380.4
1370.4
1353.0
1343.3
1370.9
1362.3
1365.7
1359.5
1345.4
1391.6
1357.8
1377.3
1358.7
1336.6
1352.5
1354.2
1370.9
1343.5
1355.4
1349.9
1335.4
1358.0
1341.6
1340.9
1338.7
1368.8
1360.2
1340.9
1351.1
1400.7
1339.4
1354.9
1350.9
1347.1
1346.1
1361.1
1347.3
1360.2
1354.5
1343.3
1344.7
1356.4
1349.2
1339.4
1344.4
1339.0
1362.1
1380.2
1344.7
1416.7
1346.1
1404.5
1343.7
1352.8
1348.5
1335.9
1343.7
1350.4
1342.1
1343.3
1303.7
1321.1
1305.1
1310.3
1333.7
1311.1
1305.6
1293.9
1313.2
1299.9
1316.8
1317.3
1309.4
1337.1
1329.2
1310.1
1373.8
1304.1
1329.7
1353.3
1305.8
1305.6
1357.1
1331.1
1303.0
1332.3
1306.1
1319.9
1303.0
1301.8
1300.8
1304.1
1355.4
1322.5
1366.9
1342.1
1315.4
1315.4
1330.4
1291.0
1302.5
1337.1
1312.7
1305.8
1367.8
1320.8
1300.3
1331.1
1315.8
1328.7
1323.7
1321.6
1310.8
1314.9
1321.6
1307.5
1319.9
1312.5
1316.1
1317.7
1310.1
1316.3
1312.3
1339.2
1315.4
1299.1
1322.3
1322.3
1302.0
1329.9
1302.0
1298.4
1316.5
1308.2
1349.2
1329.7
1361.8
1320.4
1319.4
1306.5
1300.1
1314.2
1306.5
1344.2
1346.1
1324.4
1365.7
1313.0
1374.7
1315.1
1328.0
1313.9
1318.5
1334.7
1318.0
1304.6
1304.4
1333.7
1310.6
1317.3
1334.2
1308.4
1314.9
1300.1
1324.2
1303.0
1339.9
1336.6
1361.8
1304.6
1316.8
1307.7
1378.5
1324.7
1360.4
1309.6
1344.4
1313.0
1313.0
1347.5
1317.3
1304.1
1310.8
1307.0
1307.7
1303.7
1329.4
1327.3
1317.5
1324.7
1317.0
1330.4
1326.8
1328.7
1331.3
1317.0
1346.1
1329.2
1364.9
1316.3
1338.0
1315.8
1316.1
1338.0
1317.0
1323.5
1371.1
1324.2
1314.9
1308.4
1324.4
1328.0
1363.3
1312.3
1358.0
1309.4
1319.4
1329.2
1367.8
1314.6
1353.0
1314.6
1327.0
1324.9
1319.6
1311.5
1303.4
1318.9
1302.0
1313.7
1324.4
1315.8
1317.0
1307.0
1320.1
1353.7
1334.4
1305.8
1307.7
1314.2
1320.8