136291.7
3319.7
3105.4
3030.3
3062.7
3056.0
3067.3
3038.4
3035.1
3053.7
3034.1
3035.1
3037.7
3031.0
3022.7
3068.9
3046.5
3029.8
3038.6
3025.1
3065.3
3047.5
3057.0
3023.1
3047.0
3036.3
3025.5
3130.4
3105.6
3038.9
3026.5
3087.8
3061.5
3083.5
3103.3
3042.7
3052.0
3023.1
3062.2
3029.1
3037.5
3030.1
3021.5
3018.1
3006.0
3045.8
3035.3
3018.1
3059.4
3073.7
3027.9
3042.7
3040.8
3031.0
3027.2
3051.3
3030.5
3496.2
3403.4
3349.1
3271.3
3261.3
3286.1
3256.1
3254.2
3268.0
3293.5
3288.3
3252.3
3240.3
3255.1
3253.9
3238.4
3269.0
3269.0
3248.9
3259.2
3269.4
3244.6
3241.3
3232.0
3225.8
3235.1
3249.4
3240.3
3249.4
3254.7
3237.7
3262.0
3271.6
3250.8
3286.6
3256.6
3265.4
3243.2
3235.3
3259.2
3254.2
3268.2
3243.2
3265.1
3294.5
3299.5
3246.5
3231.3
3396.0
3257.3
3256.3
3235.3
3233.0
3216.0
3244.4
3226.8
3237.7
3260.1
3244.6
3227.5
3261.6
3259.4
3263.5
3261.3
3253.5
3239.4
3265.9
3253.0
3275.9
3267.0
3249.9
3244.6
3251.3
3253.0
3247.3
3236.8
3244.2
3249.6
3255.8
3240.3
3220.3
3248.5
3265.9
3228.2
3233.7
3233.9
3241.8
3244.2
3223.7
3229.4
3244.6
3253.0
3237.2
3237.2
3250.8
3249.4
3230.1
3227.5
3244.2
3247.5
3305.4
3238.2
3246.5
3260.6
3239.6
3232.0
3240.1
3293.5
3213.6
3216.0
3268.0
3269.2
3283.7
3337.9
3271.3
3239.9
3242.7
3243.0
3243.2
3404.6
3248.9
3244.9
3235.1
3243.7
3242.7
3301.6
3270.4
3274.2
3258.5
3302.8
3237.7
3287.3
3256.6
3308.5
3246.5
3228.2
3292.3
3268.7
3245.8
3243.0
3235.6
3245.8
3234.9
3258.5
3238.7
3228.9
3306.4
3237.5
3249.2
3242.3
3249.9
3254.2
3248.0
3249.2
3238.7
3272.8
3235.1
3265.1
3249.6
3251.6
3277.1
3244.4
3291.1
3256.1
3264.2
3235.8
3240.6
3253.2
3273.5
3236.5
3261.8
3248.9
3255.8
3255.8
3230.8
3236.5
3241.3
3319.7
3253.5
3245.1
3266.8
3254.2
3240.6
3229.9
3242.0
3242.5
3251.1
3260.9
3239.4
3236.3
3323.1
3264.4
3254.2
3305.0
3269.4
3269.7
3263.2
3274.0
3259.2
3263.7
3288.0
3315.7
3258.5
3255.8
3264.7
3329.3
3232.2
3239.4
3277.1
3258.7
3248.9
3295.4
3314.3
3240.6
3269.7
3253.2
3257.8
3255.6
3241.3
3224.4
3247.7
3252.3
3229.9
3254.9
3306.9
3276.8
3261.3
3259.7
3246.8
3247.3
3262.8
3255.6
3271.6
3244.6
3258.0
3241.5
3252.5
3320.0
3270.1
3247.3
3225.8
3307.3
3249.2