3814563.0
9882.9
1357.1
497940.1
6664.0
4048.8
2422.1
2053.0
1281.0
1956.9
1304.1
1292.9
1951.2
1334.9
1281.0
1345.2
1909.0
1273.2
1272.9
1301.1
1309.2
1950.0
1284.1
1303.0
1276.0
1305.1
1277.0
1927.1
1289.1
1308.9
1268.1
1275.1
1287.9
1289.1
2334.1
1308.0
1281.0
1269.8
1345.2
1276.0
1269.1
1292.0
2145.1
1289.1
1283.9
1295.8
1276.0
1287.9
1276.0
1280.1
1302.0
2083.1
1280.1
1298.0
1283.9
1278.2
1287.9
1296.0
1311.1
1292.0
1340.9
2041.1
1280.1
1277.9
1277.2
1300.8
1282.9
1284.1
1289.8
1271.0
1285.8
1312.0
2034.9
1342.8
1334.0
1272.9
1276.0
1288.9
1286.0
1268.1
1276.0
1287.0
1331.1
1293.9
2008.2
1322.0
1265.0
1334.0
1300.1
1304.1
1292.0
1285.1
1273.9
1272.2
1261.0
1260.0
1291.0
2018.0
1293.9
1287.0
1282.2
1268.9
1278.9
1274.1
1282.0
1294.1
1292.0
1282.0
1269.1
1276.0
1280.1
1987.0
1287.0
1291.0
1313.0
1300.1
1275.1
1299.9
1292.0
1273.9
1297.0
1284.8
1298.9
1280.1
1298.9
1292.0
1989.8
1300.1
1276.0
1276.0
1302.0
1334.9
1282.0
1279.1
1265.0
1291.0
1271.0
1276.0
1282.2
1341.8
1279.1
1341.1
1277.9
1318.9
1276.0
1266.0
1278.2
1309.9
1988.9
1297.0
1332.0
1291.0
1294.9
1274.8
1299.9
1288.2
1284.8
1272.2
1273.9
1267.9
1277.0
1272.2
1328.9
1275.1
1272.0
1339.0
2454.0
1297.0
1302.0
1270.1
1298.0
1267.2
1272.9
1307.0
1289.8
1277.0
1287.0
1347.1
1338.0
1300.1
1283.2
1274.8
1274.1
1341.1
1276.0
1292.0
1281.0
1281.0
1287.2
1293.9
1276.0
1296.0
2244.0
1304.9
1293.2
1298.9
1303.9
1271.0
1277.9
1284.1
1281.0
1279.1
1277.9
1277.2
1344.9
1315.1
1287.0
1263.1
1267.0
1282.9
1294.9
1272.2
1279.8
1292.9
1276.0
1273.2
2178.9
1292.0
1283.9
1299.1
1277.0
1268.9
1275.1
1283.2
1313.0
1274.1
1334.9
1269.1
1303.0
1300.1
1274.1
1292.0
1299.1
1270.1
1256.0
1278.2
1265.0
1261.9
1251.9
1263.9
1237.2
1236.0
1253.8
2143.1
1270.1
1251.0
1292.0
1255.0
1249.1
1241.0
1241.0
1322.0
1272.0
1241.0
1236.0
1249.1
1264.1
1277.0
1256.9
1251.0
1246.0
1266.0
1252.2
1261.9
1246.0
1237.2
1245.0
1236.0
1245.0
1245.0
1245.0
1248.8
2079.0
1237.9
1272.2
1251.0
1278.9
1298.0
1245.0
1243.1
1260.0
1256.9
1243.1
1282.0
1301.1
1231.0
1244.8
1272.2
1270.1
1243.8
1269.1
1246.9
1297.0
1266.0
1242.9
1270.1
1242.9
1279.1
1267.0
1244.8