136227.4
3312.3
3119.0
3050.6
3068.4
3022.9
3023.4
3090.4
3038.6
3041.7
3029.8
3041.3
3007.9
3036.7
3018.9
3015.0
3022.9
3014.3
3083.0
3010.0
3018.6
3085.4
3065.6
3035.3
3089.4
3027.2
3039.4
3005.3
3009.3
3070.1
3033.4
3055.6
3022.0
3009.3
3023.1
3036.3
3058.7
3041.0
3074.9
2996.9
3047.7
3037.7
3018.1
3026.7
3027.9
3017.9
3023.9
3066.5
3011.2
3027.7
3002.9
3040.8
3047.0
3028.2
3020.3
3001.7
3024.1
3075.6
3019.1
3012.9
3045.3
3017.4
3032.2
3015.0
3021.2
3013.1
3078.0
3048.4
3038.4
3003.1
3025.1
3033.9
3041.0
3022.9
3083.7
3021.7
3056.8
3087.8
3030.5
3020.8
3037.7
3015.3
3021.0
3020.0
3016.9
3001.2
3021.5
3018.1
3027.0
3019.6
3016.7
3014.1
3021.7
3005.5
3081.6
3022.7
2992.4
3023.6
3006.9
3020.0
3016.5
3031.3
3014.1
3026.7
3015.8
3003.1
3018.1
2986.7
3002.2
3013.1
3044.8
3032.7
3014.1
2987.1
3004.3
3048.9
3105.2
3064.2
3016.5
3019.3
3010.0
3021.2
3022.0
3012.2
3081.1
3021.7
3049.1
3027.2
3049.4
3019.1
3007.7
3034.4
3013.6
3049.6
3016.2
3042.2
3020.5
3010.0
3004.1
3020.8
3022.0
3015.0
3021.5
3032.7
3022.4
3001.2
3006.0
3023.9
2998.1
3048.4
3041.5
3029.3
3026.2
3018.4
2992.9
3013.4
3013.8
3075.4
3095.4
3046.8
3015.8
3034.4
3015.0
3039.6
3013.8
3007.2
3026.7
3025.1
3013.1
3014.6
3015.5
3017.2
3011.7
3016.7
3011.5
2995.0
2989.3
3546.7
3208.9
3021.5
3012.2
3036.0
3041.3
3045.8
3005.3
2999.1
2979.3
3037.9
3037.2
2996.0
3050.1
3005.7
3061.8
3081.6
3030.3
3017.2
3086.3
3024.6
3008.6
3095.1
3028.2
2997.4
3006.5
3022.7
3001.7
3256.8
3028.2
3019.8
3013.4
3017.7
3005.5
3032.4
3022.0
3008.4
2998.8
3002.9
3016.5
3085.1
2996.2
3028.2
3019.8
3011.7
3010.7
3012.9
3046.5
3013.4
3024.1
3059.6
3038.2
3012.9
3027.0
2990.0
3033.2
3030.3
3032.9
3015.8
3019.6
3017.2
3045.8
3069.6
3041.5
3012.4
3044.8
3121.9
3068.9
3006.2
3022.2
3027.4
3033.9
3002.2
3007.9
2996.9
2991.0
2991.2
3014.6
2986.2
3032.4
3015.8
2986.0
3040.1
3048.9
3005.7
2986.9
3041.5
3010.5
3054.1
3033.2
3054.6
3013.8
3030.5
3047.9
3056.3
3025.5
3112.8
3037.5
3025.1
3004.6
2997.9
3020.5
3019.3
3003.6
3033.2
3015.3
3067.3
3029.8
3037.5
3021.7
2993.3
3002.2
2975.7
2982.4
2973.8
3034.4
2996.9
2963.8
2966.4
2960.4
2950.2
2972.6
2979.0