1550280.8
1910.7
1579.5
1539.7
1517.1
1508.0
1502.8
1493.2
1476.5
1478.9
1528.0
1502.8
1475.1
1523.0
1464.6
1484.4
1464.8
1525.4
1490.6
1474.9
1465.6
1530.2
1480.8
1466.8
1535.2
1487.3
1518.0
1482.0
1513.2
1486.8
1473.9
1497.7
1471.3
1497.0
1523.7
1535.7
1469.4
1486.1
1461.7
1469.9
1469.9
1478.9
1478.4
1471.8
1463.7
1476.8
1533.7
1465.3
1466.3
1523.7
1492.0
1494.9
1479.1
1488.0
1467.0
1456.7
1530.4
1527.3
1458.6
1458.2
1509.9
1463.9
1533.3
1477.2
1498.2
1462.5
1486.8
1458.6
1467.7
1472.7
1477.7
1464.6
1516.3
1466.5
1463.7
1528.3
1526.6
1515.6
1466.3
1498.5
1512.1
1470.1
1463.7
1462.7
1479.1
1495.4
1459.1
1492.3
1476.0
1535.9
1437.9
1486.1
1447.9
1438.9
1472.2
1442.4
1445.5
1428.4
1434.8
1454.4
1444.8
1431.9
1471.8
1460.1
1468.4
1457.5
1433.6
1487.5
1443.1
1448.4
1464.4
1456.5
1443.6
1472.5
1497.7
1448.6
1431.7
1496.6
1464.1
1464.6
1456.7
1450.1
1472.7
1442.0
1497.5
1448.9
1436.0
1452.2
1466.3
1447.2
1548.1
1478.4
1464.4
1437.9
1457.0
1486.8
1450.8
1446.2
1469.9
1502.5
1465.3
1452.4
1471.3
1465.3
1476.0
1431.5
1456.0
1489.4
1428.8
1459.1
1444.3
1504.2
1439.1
1447.9
1451.5
1489.9
1469.1
1463.2
1461.7
1466.8
1460.3
1454.8
1435.3
1447.2
1462.0
1459.1
1447.0
1453.6
1498.7
1426.7
1486.3
1467.9
1457.5
1467.5
1449.6
1468.7
1474.1
1478.2
1464.8
1502.0
1440.0
1442.7
1461.5
1473.2
1453.2
1475.8
1448.6
1442.4
1462.5
1436.7
1479.1
1448.6
1456.3
1447.0
1434.6
1440.5
1426.7
1466.5
1448.2
1455.8
1473.7
1473.7
1449.8
1464.6
1480.6
1459.4
1426.9
1450.5
1448.9
1450.3
1451.0
1460.3
1432.4
1430.3
1436.9
1431.5
1466.5
1444.1
1472.0
1542.1
1474.1
1417.4
1462.2
1436.9
1427.4
1493.7
1433.4
1450.5
1446.2
1491.1
1425.0
1505.1
1450.8
1447.9
1488.0
1493.5
1451.3
1446.0
1458.2
1447.0
1444.3
1451.5
1452.0
1435.0
1439.8
1464.4
1450.1
1453.2
1442.4
1441.2
1483.7
1460.1
1502.8
1460.1
1497.3
1456.5
1421.7
1454.1
1481.5
1486.5
1442.4
1482.0
1455.8
1452.0
1459.8
1437.4
1488.2
1454.8
1461.0
1433.4
1497.0
1433.8
1496.6
1462.7
1473.4
1461.7
1434.3
1451.5
1455.8
1505.6
1462.9
1461.5
1432.4
1485.8
1436.2
1543.3
1443.1
1463.4
1472.9
1452.2
1456.0
1429.3
1451.7
1440.5
1447.4
1434.6
1461.3
1437.4
1435.0
1454.6