136802.4
3361.7
3104.0
3096.6
3101.1
3072.5
3066.5
3060.6
3043.4
3063.7
3082.3
3142.8
3095.9
3086.6
3102.1
3069.4
3060.1
3050.1
3041.5
3041.5
3063.7
3087.3
3056.5
3090.1
3034.8
3048.9
3084.7
3037.0
3028.6
3047.2
3069.4
3057.0
3096.6
3074.4
3091.8
3099.2
3072.3
3148.1
3048.2
3022.4
3031.0
3140.2
3032.7
3068.9
3062.0
3006.7
3025.3
3022.0
3044.6
3020.8
3027.2
3026.2
3019.8
3088.5
3026.0
3032.2
3053.2
3036.3
3027.2
3020.8
3034.6
3025.5
3026.0
3022.9
3023.9
3020.0
3057.0
3022.0
3022.2
3025.8
3140.0
3215.8
3219.6
3203.9
3294.0
3203.6
3202.0
3211.7
3204.8
3211.7
3211.3
3207.0
3230.8
3236.8
3208.4
3203.6
3198.9
3211.0
3214.8
3189.8
3208.2
3210.8
3221.8
3239.2
3042.5
3030.5
3022.9
3039.8
3027.4
3005.7
3035.1
3047.0
3051.8
3040.6
3045.3
3029.1
3033.4
3036.7
3040.8
3099.0
3080.8
3055.1
3025.8
3056.3
3026.5
3041.5
3017.7
3040.6
3020.3
3111.4
3047.0
3064.4
3048.2
3041.5
3032.7
3021.0
3055.6
3054.1
3021.2
3014.6
3026.2
3049.9
3050.8
3020.0
3060.8
3079.9
3073.0
3030.5
3008.6
3015.8
3011.0
3007.2
3081.6
3010.0
3022.4
3018.9
3007.7
3042.7
3030.8
3027.7
3043.7
3034.6
3040.6
3022.2
3055.1
3037.0
3056.3
3060.8
3038.2
3049.9
3029.6
3045.6
3016.5
3016.9
3026.5
3038.2
3063.4
3046.0
3065.3
3050.8
3042.9
3018.6
3019.8
3055.8
3040.1
3029.6
3027.2
3036.5
3060.6
3066.5
3050.8
3044.1
3037.5
3048.7
3022.4
3034.8
3031.3
3053.4
3056.0
3022.7
3053.2
3043.4
3046.5
3039.1
3030.8
3052.0
3034.1
3025.3
3026.5
3037.2
3044.1
3051.5
3022.4
3047.0
3034.4
3033.6
3034.1
3042.9
3032.4
3014.1
3032.4
3037.5
3036.7
3055.1
3041.5
3025.5
3027.7
3043.2
3055.3
3023.1
3111.4
3072.0
3057.2
3070.8
3042.0
3036.5
3041.7
3043.7
3024.6
3089.4
3032.7
3017.9
3035.1
3096.6
3085.6
3073.9
3036.5
3047.9
3083.9
3086.1
3104.9
3079.9
3026.7
3031.3
3033.6
3057.2
3068.7
3038.6
3019.3
3016.7
3018.6
3088.0
3044.6
3021.5
3035.3
3044.6
3047.2
3061.5
3027.7
3027.0
3049.1
3040.3
3046.5
3043.2
3060.1
3058.0
3057.5
3025.8
3034.1
3059.6
3037.0
3036.3
3004.3
3038.4
3033.6
2999.8
3030.3
3060.1
3040.8
3023.4
3025.1
3057.7
3031.7
3074.4
3095.1
3073.7
3044.6
3102.3
3014.3
3007.4
3004.1
2986.0
3005.0
3003.1
2997.2
2993.3
2989.8
2967.1
2996.9
3004.3