46141.2
975.3
230.4
229.6
221.0
215.9
204.2
201.4
200.0
195.8
169.6
168.4
163.0
163.5
162.6
161.3
165.6
164.0
162.0
161.3
163.4
162.4
163.8
164.8
163.0
161.9
161.4
162.1
163.9
166.4
165.8
161.3
159.1
162.4
165.8
166.6
162.0
161.0
163.1
161.9
163.1
164.9
162.7
162.2
160.4
160.4
167.1
175.3
163.3
161.1
171.9
160.3
163.1
163.0
163.2
161.0
161.5
160.8
162.4
163.9
159.4
161.9
167.1
162.2
163.7
163.4
162.2
161.2
160.9
162.2
163.0
163.0
163.2
162.4
160.8
161.0
165.6
169.0
159.8
161.6
160.8
161.5
165.9
171.5
160.9
162.2
161.1
159.9
165.8
163.0
163.8
158.3
160.2
158.9
164.9
161.9
161.5
161.0
161.4
161.5
160.7
177.3
161.9
159.8
159.6
161.7
160.5
170.7
161.1
161.7
161.6
168.0
160.7
169.7
162.1
161.9
162.4
160.2
159.2
174.6
159.9
160.9
161.1
161.8
160.5
170.4
161.7
162.4
162.9
163.8
161.7
173.6
161.8
160.4
163.3
161.8
160.6
171.3
162.1
160.0
160.2
160.6
160.7
170.2
161.5
161.5
161.7
161.6
160.2
176.0
165.2
161.8
166.7
162.4
160.1
173.9
163.0
166.2
162.4
163.7
160.8
172.0
162.2
161.8
161.9
161.7
160.0
168.6
159.5
159.3
159.1
159.3
164.8
170.1
162.0
158.3
159.6
159.0
158.6
160.6
161.4
160.9
160.8
161.4
158.6
161.3
161.0
160.4
159.6
159.6
159.7
162.0
163.2
159.5
161.7
160.6
159.0
164.3
168.7
159.6
158.8
163.7
159.5
161.4
165.8
158.3
158.6
159.2
159.4
158.9
164.5
158.6
160.6
158.6
159.4
160.3
169.7
159.9
160.3
161.2
159.2
159.6
169.0
166.7
161.3
160.0
160.1
159.3
167.0
159.0
165.3
159.6
159.1
166.6
169.0
162.7
158.9
160.4
158.1
158.9
165.5
163.6
162.1
159.3
158.5
163.9
164.9
165.7
162.2
166.6
157.9
161.2
161.2
160.9
158.5
160.2
159.2
159.3
163.5
161.1
161.6
160.1
158.7
165.7
162.4
164.5
161.5
158.5
160.1
161.6
163.1
164.8
161.2
159.8
159.7
161.2
157.7
170.5
162.6
158.1
159.5
162.9
159.7
167.6
161.1
158.7
158.7
161.5
157.0
167.6
163.6
163.8
158.1
161.3
163.8
169.4
164.0
159.9
158.3
161.3