107780.0
12193.9
289.9
22436.9
3975.2
162.8
252.0
461.1
227.0
146.9
221.0
222.0
1930.0
155.0
134.9
134.9
132.1
133.0
132.1
143.1
126.8
140.2
134.0
138.0
134.0
134.9
137.1
134.0
259.2
140.0
205.0
131.1
216.0
147.1
202.9
139.0
212.9
140.2
207.9
133.0
217.2
139.0
198.8
138.0
222.9
132.1
203.1
138.0
212.0
138.0
217.9
130.9
222.0
130.9
201.0
138.0
227.0
139.0
201.9
138.0
214.1
138.0
210.0
138.0
213.1
140.0
201.9
145.0
216.0
139.0
203.1
130.9
210.0
139.0
205.0
135.9
212.9
138.0
206.9
137.8
216.0
140.0
201.0
137.1
222.0
130.9
202.2
137.1
211.0
139.0
215.1
138.0
241.0
138.0
204.1
130.9
221.0
134.9
202.9
139.0
212.0
138.0
202.2
138.0
212.9
138.0
206.0
148.1
216.0
139.0
203.1
140.0
212.9
144.0
202.9
139.0
217.0
133.0
202.9
139.0
214.8
140.0
201.9
138.0
228.2
139.0
201.0
139.0
216.0
141.1
212.0
139.0
221.0
139.0
205.0
140.0
221.0
138.0
200.0
131.1
217.9
150.0
206.9
129.9
212.0
137.1
201.9
148.1
219.1
133.0
206.0
138.0
215.1
134.0
207.9
132.1
237.0
137.1
216.0
131.1
212.9
131.8
208.1
139.0
228.9
139.0
200.0
138.0
211.0
133.0
212.2
138.0
222.9
140.0
201.0
138.0
211.0
138.0
205.0
138.0
217.9
150.0
205.0
138.0
212.0
140.0
201.0
140.0
217.0
138.0
201.9
139.0
212.0
138.0
204.1
138.0
216.0
139.0
210.0
140.0
212.0
139.0
201.0
134.9
226.0
140.9
213.1
138.0
215.1
140.0
205.0
138.0
225.1
139.0
201.9
146.9
211.0
139.0
206.9
138.0
232.0
140.2
201.0
138.0
212.0
129.9
207.9
137.8
213.9
138.0
203.1
138.0
216.0
138.0
201.0
139.0
217.9
137.8
211.0
138.0
213.9
137.8
204.8
140.0
217.0
132.1
201.9
137.8
212.0
149.0
203.1
138.0
222.0
138.0
201.9
146.2
212.9
131.8
214.1
137.1
227.9
140.9
200.0
137.1
217.0
139.0
215.8
134.9
212.0
137.8
201.9
137.1
232.9
138.0
206.9
132.1
216.0
138.0
205.0
136.9
210.0
137.8
201.0
130.9
243.2
136.9
200.0
138.0
213.9
139.0
203.8
141.9
220.1
136.1
200.0
139.0
215.1
137.1
199.1
135.9