1191644.9
756.5
408.4
390.8
396.0
383.6
392.2
379.3
381.5
388.4
380.0
377.4
392.2
378.1
386.7
376.2
371.0
379.3
376.7
383.9
375.7
371.0
382.9
372.2
369.5
383.4
374.3
387.0
372.6
373.4
388.9
374.1
370.3
383.4
370.7
383.4
373.1
372.4
421.5
376.5
384.1
375.0
371.2
382.9
370.7
367.2
380.0
366.7
377.4
370.5
366.7
380.3
374.6
371.0
381.2
371.0
382.4
376.0
371.0
382.7
371.7
369.8
377.7
365.7
379.6
372.4
368.8
382.4
371.0
369.5
384.1
367.6
381.9
371.9
370.5
381.5
372.4
368.4
372.2
370.7
381.7
370.5
366.9
382.7
368.4
380.5
369.1
365.5
386.0
368.4
366.0
373.4
371.0
373.8
368.4
366.9
378.1
366.0
371.0
382.7
368.1
372.9
372.4
367.4
377.2
369.1
368.8
381.2
367.4
373.4
368.1
374.8
376.7
367.6
367.9
377.4
376.7
377.9
371.5
367.4
385.0
369.5
374.6
373.8
367.9
379.1
367.4
371.9
379.8
367.6
368.1
379.8
366.7
373.6
370.3
368.6
381.5
369.3
376.2
377.2
374.1
376.5
368.6
366.4
374.8
370.0
367.9
376.2
368.4
378.6
370.0
376.7
382.2
366.9
364.5
378.8
366.7
377.4
367.4
365.7
378.8
367.4
366.9
385.8
369.5
376.0
369.1
375.7
382.4
371.0
366.9
378.8
371.7
377.4
369.8
367.4
379.1
364.3
367.9
381.2
367.9
373.8
368.4
367.6
384.8
368.1
367.2
376.2
375.5
383.1
368.4
366.2
379.8
370.7
371.0
384.3
369.1
375.3
369.1
364.8
378.1
364.5
366.4
373.6
367.6
378.6
370.3
363.6
375.3
367.9
366.9
375.0
368.1
375.5
368.4
366.9
379.1
366.2
367.9
377.7
366.7
366.7
380.5
364.1
395.8
368.4
369.1
379.6
368.4
371.7
368.6
368.1
378.4
368.1
366.2
378.1
366.9
365.5
380.3
370.5
387.2
369.8
369.3
379.8
369.1
376.0
369.8
372.4
432.0
378.4
382.7
379.3
369.5
378.1
370.5
366.9
382.2
366.9
368.1
380.3
370.0
400.8
367.9
366.7
380.3
366.4
365.5
377.9
363.6
381.2
368.8
367.4
376.2
367.9
366.2
384.6
367.4
379.6
369.8
364.5
379.8
370.5
368.4
377.9
375.3
379.1
369.1
366.9
379.8
367.9
368.1
375.5
364.3
376.2
367.6
364.8
372.4
364.8
365.0
376.2