2451487.3
32318.6
490.2
266.1
239.4
230.3
227.0
222.7
229.1
221.7
222.0
221.0
228.2
220.8
217.7
216.2
219.8
222.0
217.0
217.4
218.9
230.6
218.6
217.2
217.0
218.9
224.8
218.4
217.4
217.9
227.9
219.6
216.2
216.7
218.9
227.9
218.9
217.4
217.2
229.4
217.7
217.0
214.8
215.1
222.0
217.0
217.9
216.2
227.5
215.8
216.7
222.0
218.6
220.8
215.3
216.7
217.2
230.8
216.7
215.1
218.4
217.2
223.2
216.0
214.3
216.7
224.4
216.7
215.3
214.6
214.6
227.0
215.1
215.1
214.6
224.6
258.9
248.9
217.0
220.8
219.1
214.3
214.3
216.0
228.2
215.5
213.9
213.4
214.1
222.7
216.2
215.5
216.2
226.7
216.2
212.7
213.4
219.8
221.3
215.5
213.6
213.6
224.1
216.7
214.8
213.9
215.5
227.7
215.5
215.3
213.1
229.1
220.3
215.8
212.2
213.6
235.3
216.0
213.1
215.8
228.9
219.6
216.7
213.1
213.6
229.6
215.1
214.1
213.6
213.4
225.5
216.7
215.3
213.1
227.7
214.6
211.7
212.9
214.1
218.6
212.9
213.6
214.6
222.7
214.6
216.5
213.4
211.2
227.9
212.9
211.7
211.0
218.6
215.3
212.7
211.5
211.7
222.9
212.2
213.4
212.4
212.4
217.2
211.7
209.1
211.5
221.5
212.9
212.4
213.1
212.4
222.4
212.7
212.4
211.5
213.6
213.1
211.2
211.2
212.2
224.4
213.1
212.7
211.2
218.4
215.1
212.7
213.6
213.6
221.0
216.0
212.7
212.4
213.4
230.8
214.3
212.2
211.7
212.0
214.1
211.2
211.0
215.8
221.3
212.4
212.7
211.7
211.0
220.1
212.9
213.1
212.4
221.3
216.5
214.1
211.5
212.7
222.0
211.7
211.2
210.3
211.0
214.8
211.7
213.4
211.2
219.8
212.4
211.2
217.7
212.9
276.3
215.5
214.6
213.9
220.8
213.9
213.9
214.1
217.4
217.2
213.1
212.0
210.8
220.3
215.8
215.5
216.5
213.6
226.5
213.4
213.6
217.7
213.9
215.5
216.2
211.7
213.1
222.0
213.6
215.1
211.7
212.9
215.8
220.5
218.2
212.7
218.9
211.5
213.1
212.9
213.1
222.2
213.4
212.7
213.9
230.8
214.1
210.8
211.2
211.5
222.4
211.7
210.5
211.7
210.3
215.1
210.8
213.9
213.9
219.8
213.6
210.3
211.7
211.7
222.0
212.0
211.5
214.1
211.2