1186080.2
753.9
408.6
405.6
391.2
383.9
385.3
373.6
384.8
370.7
373.8
388.6
371.9
376.7
382.4
371.2
505.7
402.2
378.4
374.8
368.1
379.3
367.2
366.7
376.2
369.5
378.4
370.5
369.8
385.3
364.5
364.5
377.2
369.1
375.3
371.5
366.0
381.2
367.4
366.2
384.3
371.2
376.7
377.2
369.1
382.2
393.2
377.4
379.6
370.3
376.7
366.4
369.8
383.1
368.6
366.0
379.6
369.8
377.7
399.8
486.9
384.6
367.9
376.9
366.2
369.1
380.0
367.6
366.2
375.7
370.5
373.6
367.4
366.9
380.3
366.4
365.3
378.1
366.2
383.1
367.6
363.1
381.7
366.2
365.0
379.1
367.9
378.6
367.9
377.9
377.9
367.9
366.7
380.3
365.5
376.2
366.7
371.9
425.8
428.9
439.2
428.2
428.0
582.0
471.8
433.7
438.7
438.9
429.4
455.4
433.4
453.7
431.5
439.9
432.0
430.1
443.5
434.2
451.3
437.0
448.5
432.3
428.9
442.0
428.9
445.1
429.2
442.3
426.1
439.2
429.2
426.5
438.0
428.9
452.0
434.2
442.3
426.5
435.4
429.2
504.5
547.6
440.4
445.6
427.7
438.9
427.0
441.6
429.6
435.8
431.3
428.9
437.0
426.3
437.0
426.1
439.2
428.9
425.6
433.9
422.2
435.1
423.0
436.3
426.3
427.7
436.8
424.6
438.5
426.1
438.2
426.3
429.9
436.3
425.1
434.6
428.0
439.2
518.3
522.4
432.5
436.1
424.4
424.9
433.4
421.0
433.4
423.0
442.0
420.8
420.1
432.5
420.8
431.8
419.6
434.2
423.2
420.6
432.7
419.1
434.6
421.8
433.9
422.0
421.5
432.0
421.5
436.3
423.4
439.9
420.1
417.2
439.6
420.6
430.8
417.2
479.2
546.0
436.1
419.4
427.0
418.9
418.9
426.8
418.4
435.1
420.6
416.5
420.6
416.0
430.8
419.4
431.8
416.8
415.3
429.9
425.3
428.9
418.4
428.0
416.0
425.6
431.5
418.7
436.3
417.7
423.9
418.9
416.0
428.9
413.7
438.2
417.2
424.6
417.5
516.7
500.0
417.0
430.6
417.9
438.5
423.0
429.9
413.4
412.9
425.6
415.8
427.0
415.8
429.6
415.3
411.7
423.7
413.7
428.4
413.9
424.6
416.3
420.3
424.4
415.8
430.8
417.7
416.0
433.7
414.4
427.5
412.7
428.0
416.3
413.7
431.3
413.9
428.4
516.9
493.0
423.2
431.3
417.2
417.9