42534.8
1001.3
250.3
228.7
224.6
220.2
227.3
225.1
216.2
218.7
202.2
178.3
183.0
178.7
161.8
182.9
175.3
176.0
160.5
160.1
158.7
168.4
157.9
160.1
160.1
159.1
159.9
172.3
158.8
158.3
159.6
157.5
158.0
169.9
160.2
159.4
159.7
159.1
159.9
161.5
164.0
159.9
159.2
159.5
160.2
161.5
159.7
158.8
159.3
158.4
158.1
159.0
159.7
160.4
157.3
160.2
160.5
161.8
164.5
157.4
157.9
157.9
162.7
159.5
170.2
162.9
158.8
157.0
158.8
158.1
164.1
157.4
157.7
158.4
158.2
163.7
169.9
164.6
157.4
158.8
157.9
158.4
161.7
162.4
158.6
159.3
163.9
158.6
162.3
160.3
160.2
165.1
160.7
159.1
162.2
163.3
159.3
157.4
158.0
160.2
159.0
162.8
163.2
159.2
159.0
157.5
161.7
165.0
160.4
158.5
159.0
158.2
156.4
167.6
158.1
157.7
158.5
158.4
159.0
168.0
162.8
159.6
159.0
158.1
157.2
163.4
161.6
159.4
158.3
157.9
159.6
163.4
163.0
162.4
158.5
158.6
158.0
160.4
160.1
158.5
159.1
161.0
156.5
162.0
165.1
158.8
159.0
158.7
164.8
159.2
156.6
158.5
159.8
164.7
159.0
159.3
172.6
160.7
157.9
157.0
158.1
158.2
167.6
160.9
159.6
159.8
158.3
157.9
165.4
162.1
157.5
157.5
159.4
158.7
160.1
161.6
156.9
160.2
159.4
157.4
158.6
158.4
156.5
155.0
158.9
156.9
160.9
161.4
157.2
156.4
156.8
156.8
156.7
164.7
157.9
156.7
156.6
158.6
157.4
163.2
158.2
161.4
155.6
158.9
159.0
160.1
159.0
155.6
158.0
156.4
163.5
159.4
159.3
157.9
156.6
155.5
156.9
162.9
160.1
155.4
156.6
156.2
156.1
157.0
165.5
157.7
157.8
157.8
157.1
157.5
163.7
159.0
157.9
157.1
157.8
157.8
162.7
159.3
156.4
157.5
158.2
157.3
166.6
159.2
157.8
160.0
157.1
155.5
164.6
158.6
156.5
156.7
158.4
156.7
156.4
165.0
158.5
158.0
157.0
156.5
156.3
163.7
158.7
157.3
156.5
156.2
156.2
158.8
159.9
158.0
158.2
158.0
157.1
164.2
161.6
156.8
155.6
156.4
157.0
155.6
164.2
156.9
157.2
156.7
157.0
157.3
166.5
164.6
158.1
157.3
156.4
157.7
158.4
156.5
156.9
155.7
156.6
157.9
163.9
160.3