2367705.8
27030.9
463.7
235.8
211.7
205.0
200.3
204.3
198.4
197.4
197.9
198.8
200.3
197.6
197.6
197.4
196.2
197.9
196.7
195.3
192.9
196.5
197.6
193.4
194.1
193.6
195.0
198.6
194.8
193.1
192.9
192.4
198.8
192.2
192.9
191.7
197.2
196.2
192.4
191.9
193.8
193.6
203.8
193.4
192.2
192.6
190.3
204.3
193.1
194.1
193.4
193.6
216.2
196.2
194.3
194.1
197.6
204.1
193.6
193.4
191.0
192.2
201.5
192.4
196.9
191.2
191.5
201.2
191.5
190.3
189.3
189.8
200.7
196.2
190.5
191.2
191.5
198.1
192.9
191.5
190.7
190.0
195.5
195.3
191.5
192.2
191.2
190.5
193.6
192.6
191.2
192.6
190.3
193.1
191.9
190.5
190.3
189.8
199.6
190.3
189.1
188.8
190.7
199.8
190.7
192.2
190.7
191.5
199.3
190.7
190.5
188.1
190.0
196.9
191.9
190.5
190.7
190.5
190.3
192.2
192.9
190.5
193.6
191.5
194.3
191.5
191.0
194.1
189.3
200.3
189.5
192.6
191.0
191.0
199.6
194.3
194.3
191.5
188.6
203.4
192.6
191.0
190.7
190.3
198.4
192.2
190.0
193.1
189.8
200.3
190.7
190.3
189.3
191.0
190.0
192.6
190.3
191.0
190.3
190.7
193.1
191.5
189.8
189.8
189.5
196.7
189.8
190.0
190.5
190.0
205.8
190.7
189.5
189.5
190.3
199.6
191.2
190.5
189.8
194.3
196.9
191.0
190.5
191.5
189.5
189.3
191.5
189.8
190.3
190.3
189.8
193.8
189.3
189.5
188.6
189.5
197.2
189.3
188.4
188.1
188.4
200.5
189.8
190.0
189.8
189.5
195.0
190.5
188.4
190.3
191.2
197.6
195.3
191.2
190.7
190.5
190.5
192.2
189.3
189.5
191.2
194.5
190.7
189.3
189.3
189.1
189.1
198.1
189.1
193.1
191.2
195.0
199.1
191.2
190.3
189.8
190.0
199.1
190.3
189.5
190.7
191.2
197.6
191.5
190.3
189.3
189.5
191.5
191.5
189.8
188.8
189.1
189.8
192.9
195.3
190.3
189.5
189.8
196.9
189.5
188.4
189.8
187.2
200.5
189.8
190.7
188.8
188.6
197.4
190.3
190.7
189.8
191.2
196.9
191.5
190.5
188.1
189.1
189.1
193.1
191.0
190.0
189.1
195.3
194.1
190.5
189.1
188.4
188.8
197.6
189.1
188.8
188.1
188.4
199.3
189.1
189.8
190.5
188.4
195.5