1541.1
207.6
191.6
199.4
183.4
180.5
178.1
207.9
181.1
173.5
161.8
160.3
161.2
161.7
161.6
159.2
157.3
157.5
158.2
165.9
166.0
164.5
161.2
160.4
163.2
167.5
163.6
159.2
158.4
158.3
159.3
161.7
160.4
160.8
160.6
159.4
160.9
160.5
178.3
159.5
161.0
159.4
159.5
159.5
170.8
160.1
159.5
157.7
158.0
158.2
171.5
159.0
159.4
156.8
157.9
158.0
171.2
162.4
159.4
160.1
157.1
159.8
160.5
161.2
158.1
157.9
156.9
156.5
159.9
159.8
158.4
160.0
157.6
156.9
160.6
161.3
160.1
157.6
159.8
158.7
159.9
164.5
160.6
159.0
158.9
159.0
158.4
167.6
159.3
159.6
158.3
156.6
157.7
170.1
160.3
160.6
159.0
159.4
158.4
169.7
161.7
159.9
161.3
157.3
158.1
162.4
161.0
158.5
159.5
159.2
158.2
159.7
160.5
159.5
161.3
158.9
157.6
159.9
160.7
159.7
157.8
159.6
158.5
164.7
161.2
159.0
161.5
159.4
159.1
158.2
167.6
158.6
159.2
157.8
158.2
159.3
170.9
159.3
160.4
159.8
158.4
158.9
169.3
156.5
157.9
157.4
158.8
157.3
163.0
162.3
158.4
156.9
158.0
160.5
161.9
160.4
160.5
158.2
160.5
156.7
164.3
160.5
157.0
159.4
159.4
159.6
165.2
163.8
158.2
158.7
160.1
158.2
160.9
169.3
158.3
156.9
159.2
158.8
159.2
170.6
160.3
158.6
159.3
159.3
160.6
173.6
160.0
157.6
159.4
158.8
157.4
165.4
161.1
157.6
160.0
156.9
157.7
161.8
161.7
159.9
159.1
157.2
157.9
163.0
159.8
160.7
158.7
161.0
157.4
161.7
158.7
159.0
160.4
157.1
159.7
156.6
168.3
160.0
159.4
157.2
158.4
159.8
167.8
158.2
158.8
158.3
158.9
156.1
161.2
160.6
159.5
159.0
158.8
161.5
163.4
161.6
158.2
156.9
158.4
158.4
161.5
160.4
160.3
157.9
158.4
157.7
167.7
162.6
159.5
160.1
158.6
159.1
157.3
167.1
160.4
158.1
160.3
159.5
157.4
166.3
160.0
160.3
160.0
160.0
157.5
169.3
160.5
159.0
161.1
159.9
158.7
166.1
158.0
156.4
159.8
161.1
159.2
164.2
160.7
158.8
157.8
159.3
160.7
160.2
162.4
157.1
157.5
159.0
159.1
163.3
160.0
158.3
157.8
159.6
158.2
159.3
170.8
158.5
159.9
160.1