3200171.0
580.5
391.5
356.0
357.6
364.5
351.2
347.4
364.1
348.6
346.7
360.0
347.1
344.5
352.6
344.3
357.6
348.1
345.0
355.7
345.9
346.9
357.2
345.9
346.2
354.3
350.2
344.5
353.8
344.0
347.1
351.2
344.3
351.7
346.7
343.8
353.8
346.4
341.7
356.2
352.1
351.4
365.3
344.5
345.0
351.0
343.3
341.9
352.4
340.7
341.4
350.5
339.0
347.4
341.2
339.7
352.4
347.4
344.8
360.7
344.5
343.1
354.1
342.4
343.6
353.8
342.6
342.8
355.5
343.6
343.6
350.2
342.6
346.7
345.0
342.8
352.1
342.6
338.8
346.4
344.3
338.6
350.5
336.9
336.6
347.6
347.4
340.2
357.6
344.8
340.5
351.4
344.5
341.9
352.9
341.4
350.0
345.5
341.9
353.3
342.1
336.4
348.6
340.2
338.3
351.0
340.2
341.7
350.7
354.3
341.7
351.7
345.0
342.6
345.9
339.0
338.6
348.1
346.9
342.6
353.8
343.6
348.8
344.0
337.1
347.1
338.1
341.2
354.5
341.2
340.7
350.0
339.7
340.5
349.3
343.1
338.1
348.8
341.2
336.2
347.1
339.3
338.3
359.3
340.0
338.6
346.9
340.2
345.9
342.1
342.1
348.8
338.6
335.5
350.0
340.2
336.9
352.1
336.6
337.6
350.7
337.8
336.4
348.8
340.5
340.0
354.5
342.1
338.6
348.1
340.5
338.8
349.3
340.7
337.8
348.1
343.1
346.4
337.4
334.7
346.9
342.1
337.8
346.4
340.2
340.9
350.2
338.3
335.2
349.0
340.7
335.2
346.9
338.3
337.4
346.7
339.7
335.5
351.4
337.4
336.2
346.2
340.2
338.6
347.9
341.2
353.3
340.7
337.6
353.3
340.5
336.4
347.9
338.3
335.7
347.6
338.1
337.1
348.8
341.4
338.8
349.5
339.3
340.9
351.0
341.9
337.6
344.5
339.3
337.8
346.4
336.9
335.5
348.1
337.6
342.4
340.7
337.1
345.7
340.9
337.8
346.9
338.3
336.6
349.3
339.3
337.6
351.0
341.2
337.1
347.4
338.1
340.2
349.5
339.7
340.7
351.9
339.7
340.7
347.6
338.3
339.3
345.2
340.2
344.8
369.1
342.6
349.3
342.8
340.0
348.6
340.2
338.3
351.2
336.4
340.2
350.2
340.2
334.0
347.1
339.5
337.1
347.4
339.3
335.9
344.3
336.2
348.8
375.7
342.6
347.9
342.6
340.9
362.9
341.9
342.8
351.2
343.6
338.6
350.2