504504.2
1893.0
1625.5
1605.5
1600.3
1597.4
1593.4
1584.8
1557.8
1605.0
1565.9
1577.4
1553.1
1609.8
1561.9
1545.9
1561.6
1548.8
1565.0
1557.8
1560.7
1560.7
1548.5
1575.9
1558.5
1574.0
1559.7
1554.5
1563.1
1549.5
1564.5
1548.3
1567.1
1554.5
1563.5
1550.4
1560.9
1550.9
1546.6
1561.2
1545.2
1562.6
1556.2
1552.1
1542.3
1552.6
1553.5
1550.0
1560.9
1544.5
1574.0
1542.3
1560.0
1540.7
1555.7
1562.1
1555.9
1565.0
1551.6
1554.0
1552.3
1572.4
1557.4
1552.1
1555.0
1551.6
1555.2
1543.0
1567.8
1548.8
1557.8
1554.7
1548.1
1562.6
1557.8
1560.0
1551.6
1563.5
1545.9
1555.7
1555.0
1554.5
1558.1
1547.1
1564.5
1547.8
1553.8
1550.0
1557.4
1567.8
1546.6
2646.7
1584.8
1593.1
1588.8
1559.3
1568.1
1556.9
1586.7
1568.1
1567.1
1563.3
1554.0
1562.6
1549.2
1563.5
1567.8
1592.6
1578.3
1549.2
1561.6
1557.4
1575.7
1560.9
1561.6
1551.6
1565.0
1566.4
1561.9
1611.0
1577.4
1575.5
1561.6
1562.4
1581.7
1565.0
1564.0
1552.3
1563.1
1553.8
1568.1
1622.4
1556.2
1568.3
1562.8
1559.7
1553.8
1572.4
1565.0
1552.3
1564.7
1553.3
1564.5
1550.2
1569.0
1555.9
1550.4
1566.9
1552.6
1561.6
1551.9
1565.9
1545.7
1562.1
1558.5
1549.7
1570.9
1562.8
1567.1
1561.4
1563.1
1559.0
1553.3
1561.9
1558.3
1562.4
1560.7
1562.6
1553.1
1571.4
1558.5
1558.5
1584.5
1556.4
1569.5
1565.2
1559.7
1919.3
1936.4
1578.6
1581.2
1576.7
1561.6
1566.9
1555.2
1569.7
1553.8
1562.8
1565.5
1561.9
1562.8
1555.4
1568.1
1555.4
1556.6
1569.7
1551.6
1561.6
1550.2
1563.8
1561.9
1567.4
1572.6
1555.4
1560.9
1553.3
1563.1
1561.9
1567.4
1547.6
1558.3
1564.0
1621.2
1569.5
1558.1
1589.5
1565.5
1573.8
1564.5
1570.2
1565.9
1583.3
1560.9
1555.9
1574.3
1562.6
1550.9
1559.5
1563.8
1566.2
1554.5
1556.2
1563.8
1556.4
1570.0
1555.7
1570.9
1555.2
1564.7
1569.0
1558.3
1562.8
1544.7
1559.5
1549.0
1561.2
1556.6
1579.5
1556.6
1554.5
1560.0
1559.5
1559.0
1622.2
1564.0
1560.0
1555.9
1557.6
1561.6
1568.6
1570.0
1562.6
1558.8
1548.8
1574.5
1551.9
1559.0
1552.1
1555.0
1543.0
1548.8
1562.1
1551.2
1568.6
1558.3
1583.6
1550.9
1557.1
1546.6
1595.3
1566.2
1559.7
1571.7
1551.2
1555.9
1558.3
1567.4
1554.3
1559.7
1565.5
1550.0
1558.1
1553.1
1558.5
1575.0
1548.3
1556.2
1555.9
1565.9
1565.7