491673.0
1874.0
1644.6
1620.3
1593.6
1600.5
1582.6
1588.8
1588.6
1567.4
1581.4
1589.5
1578.1
1571.4
1575.9
1576.2
1670.1
1600.5
1574.3
1567.8
1576.2
1568.6
1572.1
1612.9
2068.3
2243.5
1612.7
1594.3
1593.6
1599.6
1596.0
1571.2
1590.7
1568.8
1570.7
1575.9
1572.1
1568.8
1567.6
1581.2
1564.0
1565.0
1590.3
1558.3
1572.4
1573.3
1572.8
1577.4
1568.6
1588.1
1568.1
1577.6
1565.9
1569.5
1565.9
1574.5
1625.1
1571.4
1588.1
1566.4
1595.0
1568.3
1567.1
1586.9
1587.6
1591.2
1565.0
1553.3
1622.4
1696.8
1583.3
1584.3
1564.0
1571.4
1559.7
1575.9
1562.8
1565.5
1616.5
1557.4
1573.3
1558.3
1571.2
1576.7
1560.4
1569.3
1570.0
1574.3
1564.5
1577.1
1575.0
1571.4
1578.8
1568.6
1575.2
1581.2
1575.2
1565.9
1564.7
1565.7
1550.4
1568.8
1568.8
1571.9
1575.5
1567.8
1572.8
1565.2
1573.1
1579.5
1580.5
1575.9
1574.0
1579.3
1564.7
1583.1
1575.5
1562.8
1563.3
1553.5
1569.7
1566.9
1582.4
1581.7
1561.4
1572.6
1568.3
1571.9
1574.3
1577.6
1583.3
2611.6
1623.9
1598.6
1606.9
1590.5
1591.0
1596.2
1580.7
1587.6
1582.6
1619.3
1580.7
1580.7
1579.3
1567.6
1583.3
1572.4
1587.4
1577.4
1564.0
1570.5
1570.2
1574.8
1584.5
1559.3
1576.7
1571.2
1575.2
1584.8
1564.5
1578.1
1565.9
1573.8
1574.3
1576.2
1582.1
1565.9
1578.3
1567.1
1579.0
1564.5
1584.3
1567.6
1565.5
1579.0
1560.9
1608.4
1595.7
1563.8
1684.2
1689.0
1580.0
1584.3
1583.3
1575.5
1564.3
1573.1
1587.6
1564.0
1574.0
1581.4
1571.9
1564.5
1571.7
1583.1
1572.8
1590.0
1565.0
1571.9
1554.5
1566.2
1574.3
1577.9
1570.9
1561.6
1565.5
1557.8
1565.9
1570.7
1567.8
1584.1
1562.6
1571.9
1557.8
1567.4
1579.3
1598.6
1572.6
1559.7
1570.2
1821.8
1765.5
1570.7
1571.2
1566.9
1576.2
1565.7
1571.4
1574.3
1562.8
1576.9
1560.2
1571.9
1564.0
1587.4
1573.3
1565.5
1605.3
1568.6
1572.6
1561.6
1580.2
1569.0
1564.7
1587.2
1564.5
1577.1
1590.0
1588.3
1594.5
1586.7
1593.6
1566.4
1584.3
1582.9
1575.9
1604.3
1569.7
1583.1
1574.5
1575.2
1581.9
1565.9
1571.2
1651.8
1575.0
1606.9
1581.9
1582.1
1570.7
1579.5
1589.3
1567.8
1591.0
1610.0
1573.3
1576.2
1559.7
1577.4
1584.3
1573.3
1554.0
1580.2
1581.4
1570.0
1596.2
1564.3
1571.4
1572.6
1586.4
1577.6
1559.0
1579.0
1558.8
1572.8
1568.8
1565.5
1600.3
1571.4