3185341.1
572.2
384.3
352.9
350.0
373.4
342.6
346.4
351.0
336.9
336.6
350.0
334.5
334.3
344.3
333.8
335.2
345.5
332.8
339.7
335.9
330.0
344.3
334.7
330.9
342.8
338.8
330.4
341.9
330.7
329.5
338.3
331.4
331.2
342.1
332.8
330.4
337.8
327.3
329.5
342.1
331.9
329.0
341.4
332.6
329.7
341.7
331.6
332.6
340.0
331.4
329.5
346.4
330.7
328.1
360.0
330.0
331.9
339.0
330.7
331.2
341.2
329.5
327.6
336.4
329.3
330.9
340.7
330.0
328.5
339.7
328.5
328.5
339.3
331.9
330.9
338.8
331.4
328.5
339.5
330.9
330.7
348.3
331.6
328.5
340.9
329.7
327.8
336.6
329.5
326.4
338.1
329.7
331.2
340.5
332.6
330.2
335.9
331.2
329.3
337.8
328.8
326.2
339.7
331.2
331.2
336.2
329.7
328.5
350.2
326.6
329.7
349.5
330.2
328.3
393.2
330.2
337.4
332.6
331.4
340.9
333.5
329.7
338.8
328.1
326.9
334.0
330.0
331.9
342.4
330.7
330.0
343.8
339.0
330.4
339.7
330.4
332.8
343.6
330.0
325.4
340.0
335.7
328.1
339.0
330.4
328.1
351.9
330.0
331.2
339.5
330.2
327.3
369.5
340.9
332.6
344.0
330.9
326.9
349.5
330.4
329.3
341.7
329.0
329.5
344.8
330.4
325.9
342.1
330.7
329.5
337.4
330.4
327.8
338.1
328.8
329.3
335.0
331.6
329.7
340.0
327.6
325.7
337.8
328.1
327.6
335.2
326.2
326.2
333.3
327.8
327.8
335.7
334.3
327.1
335.2
325.9
327.1
335.7
327.6
325.0
338.6
333.8
329.3
347.9
330.0
327.8
334.7
327.3
327.6
333.8
326.4
328.8
334.3
329.5
327.3
333.1
325.9
325.9
337.4
336.9
332.8
339.7
328.1
325.4
335.5
330.0
325.4
336.4
328.8
325.4
334.0
334.0
328.5
339.5
329.3
329.3
336.6
335.7
325.9
336.2
328.5
326.6
334.7
327.3
327.8
334.5
330.0
328.5
338.1
325.9
328.5
337.1
326.9
329.5
346.2
330.4
327.3
341.7
326.9
329.0
336.4
330.9
324.0
337.1
325.0
328.3
334.5
325.7
326.9
336.9
327.6
326.6
334.5
327.1
327.1
335.0
327.6
326.2
335.7
327.1
329.0
335.7
330.4
327.8
335.5
333.8
329.7
339.3
327.1
328.1
345.7
331.4
324.7
334.5
324.2
325.4
337.8
330.0
325.4