1200866.0
30223.4
469.2
251.5
235.8
217.4
212.7
211.5
211.0
216.2
207.7
212.9
209.8
207.4
213.1
210.3
208.6
206.7
215.3
206.7
205.3
204.6
206.0
217.7
205.5
207.4
208.1
207.2
209.3
204.8
205.5
205.3
203.6
207.7
203.8
203.1
204.6
212.9
206.9
205.5
204.8
204.3
215.5
202.4
202.4
202.7
202.4
211.7
203.1
202.9
204.8
205.5
214.3
205.5
204.6
205.8
204.8
209.1
205.0
203.8
214.6
214.1
205.8
204.1
206.0
205.0
212.9
203.6
202.7
204.1
210.3
214.1
203.4
204.6
213.1
203.4
206.9
203.4
203.6
207.9
210.0
206.5
205.3
209.1
201.9
210.0
203.8
203.1
203.4
202.2
211.2
202.4
202.2
202.2
203.4
212.9
204.1
202.7
203.1
206.5
206.5
205.8
203.8
209.6
204.8
206.5
204.3
206.5
205.0
210.8
204.6
202.7
202.9
202.4
212.0
201.9
202.9
203.6
212.4
215.1
207.4
205.3
202.2
203.4
206.2
203.1
202.7
202.7
204.1
207.4
203.8
202.2
202.4
202.2
204.3
203.4
203.8
203.1
214.1
204.3
203.8
204.8
203.4
210.0
201.9
201.9
201.7
203.6
212.0
202.9
205.0
203.4
210.3
206.7
201.9
201.9
203.4
203.4
206.0
205.3
202.7
201.7
201.7
203.8
203.1
202.9
203.8
220.8
204.1
202.7
202.2
203.6
213.6
203.1
201.2
202.4
204.1
213.1
204.3
203.6
207.4
219.6
212.9
205.3
204.3
202.2
202.7
212.4
203.1
201.2
202.2
210.0
202.9
201.9
201.5
201.9
212.2
202.2
205.0
203.4
202.7
212.4
206.5
204.1
203.4
201.9
206.5
203.1
203.1
202.4
204.3
208.1
203.6
203.6
201.5
202.7
203.6
202.7
203.8
201.7
207.9
203.8
202.4
202.7
202.2
213.1
206.0
202.4
205.3
203.8
214.1
202.7
201.5
201.0
201.2
212.2
201.2
201.0
199.3
201.5
203.1
201.7
202.2
201.7
202.4
205.8
203.4
205.5
203.1
212.7
204.8
202.2
203.1
204.1
211.5
204.3
203.6
206.7
205.0
211.7
203.8
206.0
203.6
202.4
211.7
203.8
204.8
203.1
202.2
205.3
202.9
201.2
204.3
202.4
205.8
203.1
201.7
201.7
207.4
205.3
203.4
203.8
204.6
213.1
206.5
202.4
201.5
201.7
214.3
203.8
203.6
202.2
203.1
211.7
202.4
200.5
202.7
201.2
206.5
203.4