493498.8
1843.5
1625.8
1582.9
1587.9
1577.9
1574.8
1565.5
1564.0
1563.8
1558.8
1582.9
1561.2
1580.7
1566.9
1568.1
1565.7
1556.9
1562.4
1558.5
1565.7
1566.4
1556.2
1562.4
1554.5
1568.1
1563.8
1574.0
1574.0
1564.5
1564.7
1563.1
1573.1
1565.0
1578.3
1567.8
1561.2
1572.1
1555.4
1568.6
1566.6
1573.1
1567.8
1562.1
1565.9
1555.0
1563.3
1566.9
1567.1
1552.8
1554.5
1562.1
1558.1
1601.9
1552.8
1565.0
1557.1
1576.4
1569.7
1575.0
1581.2
1565.0
1568.3
1552.1
1565.0
1566.6
1568.1
1562.6
1561.9
1568.1
1557.6
1621.2
1577.6
1558.8
1566.2
1559.5
1569.0
1552.8
1557.4
1571.9
1555.9
1564.3
1554.5
1561.6
1546.6
1562.1
1561.6
1576.2
2791.9
1624.6
1610.8
1587.2
1569.7
1595.7
1563.8
1591.9
1564.0
1564.0
1575.9
1563.3
1572.4
1557.8
1571.7
1568.8
1565.9
1570.0
1565.5
1575.5
1560.2
1566.4
1575.5
1563.8
1589.1
1562.4
1574.3
1552.1
1565.0
1578.3
1564.5
1576.4
1567.8
1571.9
1598.4
1582.4
1572.1
1558.1
1565.0
1558.5
1570.2
1559.3
1566.2
1566.2
1560.4
1602.9
1563.8
1572.4
1577.1
1560.9
1565.0
1551.6
1578.1
1557.4
1564.0
1555.2
1564.3
1570.2
1560.0
1565.9
1565.7
1570.7
1550.2
1561.2
1581.9
1562.8
1569.5
1562.6
1581.4
1565.2
1574.0
1594.3
1559.0
1564.3
1567.4
1568.6
1557.8
1573.6
1570.0
1560.9
1574.3
1557.1
1567.6
1559.3
1564.3
1568.3
1567.1
1578.6
1554.7
1579.0
1561.4
1569.7
1563.1
1596.7
1577.1
1560.0
1566.2
1560.2
1572.4
1570.5
1568.6
1570.7
1556.2
1570.0
1562.1
1563.5
1562.8
1552.3
1571.7
1553.5
1559.7
1553.1
1580.5
1567.4
1570.5
1572.4
1561.4
1568.6
1559.7
1577.1
1571.7
1560.2
1570.0
1556.6
1572.1
1564.3
1569.3
1608.8
1567.4
1569.7
1554.5
1570.9
1569.0
1574.8
1578.6
1568.1
1568.8
1567.8
1580.2
1565.0
1577.4
1563.5
1551.9
1563.1
1572.8
1567.6
1560.0
1566.2
1570.2
1563.5
1570.0
1570.2
1581.4
1562.8
1569.5
1570.5
1563.1
1581.2
1596.0
1584.8
1631.5
1589.3
1583.1
1599.3
1583.3
1562.1
1574.3
1596.2
1583.1
1594.5
1573.8
1576.4
1567.8
1564.3
1570.9
1560.2
1571.2
1557.4
1569.0
1565.9
1565.2
1576.7
1562.6
1577.1
1568.6
1567.4
1567.8
1564.0
1569.5
1567.8
1568.1
1556.9
1571.2
1580.5
1553.1
1571.7
1555.0
1565.0
1573.6
1584.3
1575.9
1557.4
1570.5
1572.1
1576.2
1565.5
1562.8
1571.7
1611.0
1576.4
1563.1
1561.6