993273.0
1880.9
1649.9
1611.9
1623.6
1614.1
1597.6
1601.2
1590.3
1595.3
1587.9
1599.3
1595.3
1596.9
1587.2
1575.5
1592.4
1592.2
1611.2
1587.4
1605.7
1584.5
1587.2
1581.4
1588.3
1580.0
1605.3
1575.0
2153.4
1604.8
1596.0
1585.5
1593.1
1589.3
1604.3
1591.2
1645.1
1598.8
1619.1
1806.3
1694.0
1693.0
1701.1
1679.7
1683.5
1681.3
1677.3
1686.6
1691.1
1676.3
1686.3
1673.2
1672.0
1677.0
1674.4
1667.5
1689.0
1720.7
1682.3
1686.1
1692.5
1685.1
1678.7
1684.7
1679.9
1678.2
1692.8
1685.1
1680.1
1680.1
1688.2
1679.7
1666.1
1684.0
1687.0
1668.5
1683.5
1684.0
1676.1
1672.7
1690.1
1676.8
1678.2
1685.9
1670.6
1678.2
1684.0
1671.6
1672.0
1678.5
1660.3
1675.6
1686.3
1683.0
1667.0
1722.1
1688.2
1666.3
1704.9
1706.1
1690.6
1684.2
1678.2
1679.7
1689.7
1694.4
1670.4
1708.0
1684.9
1689.2
1683.2
1679.4
1680.6
1669.6
1683.5
1692.8
1672.3
1680.6
1703.0
1678.0
1686.3
1670.1
1674.4
1694.2
1709.9
1680.6
1672.0
1682.8
1679.9
1695.4
1687.3
1690.4
1666.5
1702.1
1698.3
1671.3
1709.5
1683.5
1679.4
1687.5
1690.9
1692.3
1675.6
1678.9
1680.9
1671.6
1684.9
1702.1
1685.6
1686.3
1684.7
1664.6
1686.1
1681.8
1680.6
1688.0
1670.1
1681.6
1672.5
1678.7
1682.5
1682.5
1687.3
1680.9
1680.6
1684.7
1686.6
1670.4
1672.0
1682.8
1679.7
1693.5
1683.2
1678.2
1662.7
1676.1
1682.5
1677.0
1681.6
1678.0
1667.5
1676.3
1678.7
1676.1
1677.0
1686.6
1677.0
1743.1
1706.8
1669.6
1680.6
1683.2
1686.6
1669.9
1697.1
1718.5
1677.5
1677.8
1681.8
1669.9
1685.6
1682.0
1674.4
1683.7
1686.1
1668.7
1681.6
1680.4
1671.6
1685.9
1683.7
1803.4
1676.1
1673.7
1686.1
1672.5
1683.7
1693.5
1676.8
1681.1
1677.8
1669.9
1681.6
1687.8
1688.0
1672.7
1681.1
1677.0
1683.5
1681.1
1700.4
1680.9
1681.6
1677.5
1678.5
1692.8
1717.6
1713.8
1668.9
1679.4
1677.0
1678.0
1689.4
1688.2
1684.4
1690.6
1712.1
1683.5
1701.1
1681.3
1676.3
1699.2
1678.9
1690.9
1680.9
1687.8
1680.6
1671.6
1684.0
1701.6
1665.4
1681.3
1680.1
1674.2
1674.9
1693.2
1667.0
1686.1
1673.5
1667.0
1697.3
1696.6
1678.9
1679.4
1704.0
1687.0
1677.3
1695.4
1679.7
1678.9
1689.9
1711.1
1684.2
1691.1
1710.4
1675.6
1659.2
1682.5
1689.9
1681.6
1698.7
1676.6
1673.9
1681.8
1673.0
1679.7
1683.2
1693.7
1671.8
1677.3