1202931.4
27441.7
495.4
256.3
227.7
219.1
216.7
218.2
213.6
210.8
214.1
224.4
213.6
210.8
210.8
208.4
221.3
208.9
208.6
210.0
208.9
210.3
208.4
204.8
206.0
220.5
211.7
208.4
207.7
206.5
219.1
209.1
208.6
206.7
209.6
211.5
206.7
208.1
208.4
209.6
210.0
208.6
212.0
207.4
217.9
207.4
208.1
207.9
208.6
217.4
207.9
206.2
228.2
221.3
211.7
208.1
208.6
211.5
221.5
212.7
206.2
208.1
207.2
216.2
206.2
206.0
204.8
205.0
208.9
206.5
206.2
229.8
219.8
206.2
217.2
222.9
206.7
218.9
206.7
206.2
204.6
205.8
206.7
205.8
204.1
204.3
212.4
206.2
202.4
202.9
204.1
213.6
204.1
203.4
203.1
202.7
212.7
204.1
203.6
211.0
204.1
215.5
204.1
202.4
207.2
204.1
207.2
204.3
204.1
205.3
209.1
205.5
203.4
203.8
203.8
212.9
205.8
202.9
202.9
204.8
215.1
205.8
204.6
204.6
203.8
215.5
203.8
204.8
203.4
203.8
208.6
204.3
204.1
204.3
203.1
206.5
209.6
203.4
202.7
217.9
204.1
204.6
201.2
202.9
212.0
201.5
201.2
202.4
202.4
212.2
201.9
208.1
201.9
207.4
204.8
204.3
201.2
202.2
202.4
208.1
202.4
203.1
203.4
202.2
206.2
201.5
201.9
201.7
210.5
204.8
202.9
201.7
200.5
235.8
204.3
202.4
203.8
202.4
213.4
201.5
214.1
203.8
202.4
224.6
206.2
202.4
201.2
211.5
203.1
204.3
204.1
201.7
218.2
203.4
201.9
201.9
200.7
213.4
202.9
200.7
203.1
201.7
211.5
201.5
201.5
201.7
201.0
212.0
201.5
201.5
201.9
201.7
204.8
203.6
201.5
201.5
203.1
204.8
201.7
201.2
203.1
216.7
204.8
201.2
201.9
200.5
212.2
202.9
201.9
206.5
201.9
212.7
219.6
203.4
203.4
201.9
212.9
202.9
201.5
205.3
203.4
206.0
202.7
201.7
201.5
201.2
201.9
204.8
202.9
202.7
211.5
203.1
201.2
204.8
206.0
210.8
203.4
201.9
202.2
201.9
214.6
204.3
203.4
202.7
203.8
213.1
204.3
202.2
201.7
201.7
203.8
202.2
204.3
202.7
202.4
205.0
200.7
201.0
201.5
200.7
203.6
205.0
202.9
201.5
211.5
203.1
201.9
201.2
201.7
213.6
202.7
202.7
200.5
200.3
213.1
202.4
204.3
203.1
202.2
212.2