1203782.1
29737.0
477.6
253.2
227.5
219.6
215.3
235.8
213.4
211.0
209.1
210.5
211.5
209.3
211.7
208.1
217.9
208.1
210.8
206.9
206.5
216.7
205.8
206.5
204.8
206.5
210.3
205.5
206.2
205.3
204.6
207.4
205.0
202.9
204.3
212.4
204.8
204.3
203.4
204.1
216.7
205.3
204.1
203.1
203.8
211.7
202.4
203.4
206.2
206.0
207.4
204.8
203.6
203.4
203.1
206.5
204.6
205.8
205.3
214.3
205.5
203.6
203.1
202.7
209.6
204.1
205.3
204.8
202.7
213.6
202.7
202.7
204.3
201.5
213.4
212.0
203.6
201.9
203.4
204.6
202.2
201.2
201.7
203.4
203.6
201.2
200.5
200.5
207.2
204.6
202.2
200.3
200.3
209.1
205.8
199.8
200.3
201.5
212.2
202.7
200.7
200.7
201.0
208.1
202.2
203.4
201.5
201.0
210.5
201.2
201.5
198.4
201.2
212.7
203.1
201.2
201.2
200.0
203.8
202.2
204.8
202.4
208.6
203.8
200.7
201.5
201.9
210.5
200.7
199.8
201.2
203.4
212.9
203.4
201.0
203.1
202.4
214.3
201.7
209.1
203.1
203.8
204.3
201.7
200.3
199.6
202.2
207.7
202.2
200.5
200.7
199.8
202.7
199.8
200.0
199.1
200.0
203.8
200.5
200.7
200.7
207.4
203.1
201.2
199.8
199.3
209.1
220.8
215.1
202.9
205.0
209.1
200.7
201.5
201.2
205.5
212.7
201.7
201.0
201.5
202.7
204.1
201.7
203.6
200.5
201.9
203.6
201.9
201.5
199.8
201.2
208.6
199.3
200.3
201.7
209.1
202.7
201.9
200.7
200.7
207.9
201.2
208.4
200.5
199.8
210.0
201.9
203.6
201.9
203.1
211.2
203.8
201.0
200.7
199.6
211.5
201.9
201.2
201.5
201.7
203.6
201.0
200.0
201.0
201.5
205.8
199.3
200.3
199.3
199.6
201.7
200.0
200.7
202.2
207.2
202.9
200.7
200.7
199.8
206.0
201.2
202.7
202.9
202.2
210.5
202.2
203.4
203.1
203.6
215.1
204.3
201.7
203.4
201.5
212.4
202.2
201.7
201.7
204.3
202.4
200.5
201.7
203.1
203.1
210.5
201.5
201.5
202.4
209.6
206.5
201.9
201.7
203.6
211.5
203.1
202.2
203.1
201.7
208.6
202.9
201.5
200.7
200.7
209.6
201.7
203.1
200.5
201.2
213.4
201.5
200.3
199.3
201.0
202.4
200.7
199.6
199.1
202.2
203.4
200.3