115119.9
12418.0
296.1
22992.1
4024.0
171.9
255.1
464.0
227.9
152.1
216.0
226.0
1917.1
145.0
137.1
135.9
144.0
134.0
134.0
139.0
134.9
133.0
133.0
140.2
134.9
134.0
140.0
126.8
232.0
142.1
210.0
140.9
217.0
140.0
207.2
139.0
215.1
134.0
205.0
136.9
218.2
140.9
204.1
138.0
216.0
140.2
212.0
140.2
235.8
137.8
201.9
138.0
224.1
138.0
202.9
132.1
215.1
139.0
215.1
138.0
213.1
138.0
210.0
140.0
217.2
139.0
202.9
139.0
212.9
143.1
209.1
139.0
211.0
131.8
202.2
140.0
217.0
139.0
211.0
138.0
222.0
140.9
204.8
139.0
217.9
139.0
212.0
139.0
216.0
139.0
202.9
138.0
223.2
131.1
206.0
138.0
207.9
130.9
206.0
130.9
214.1
132.1
210.0
149.0
216.0
139.0
205.0
136.9
213.9
149.0
206.0
138.0
234.8
139.0
211.0
139.0
215.1
139.0
208.1
139.0
222.0
139.0
205.0
137.1
215.1
133.0
217.0
132.1
216.0
139.0
206.0
139.0
215.1
140.0
210.0
144.0
214.1
152.1
204.1
139.0
217.9
138.0
216.0
144.0
214.1
140.9
201.0
138.0
226.0
140.9
208.1
140.0
215.1
133.0
215.1
134.0
214.1
140.2
206.9
146.2
217.9
138.0
205.0
140.2
213.9
144.0
212.0
140.0
214.1
141.1
203.8
148.1
217.2
138.0
207.9
139.0
238.9
141.1
207.9
139.0
213.9
133.0
222.0
132.8
217.0
138.0
202.9
140.0
230.1
149.0
210.0
138.0
217.9
146.9
205.0
138.0
216.0
137.8
206.9
147.1
216.0
137.1
205.0
137.1
223.9
140.2
216.0
139.0
222.2
130.9
217.2
131.8
214.8
138.0
206.0
144.0
214.1
131.1
202.9
132.8
215.1
145.0
214.1
138.0
212.9
138.0
205.0
144.0
213.9
138.0
206.0
138.0
215.1
140.0
203.1
137.1
216.0
140.0
216.0
136.9
233.9
138.0
200.0
138.0
222.2
140.0
210.0
139.0
221.0
139.0
206.0
138.0
214.1
133.0
207.9
145.0
216.0
130.9
202.2
139.0
214.1
148.1
216.0
138.0
213.9
137.1
202.2
140.0
217.0
140.2
207.9
140.0
222.0
138.0
206.9
137.8
215.1
140.2
217.0
142.1
223.2
150.0
201.0
130.9
215.1
137.1
204.1
139.0
213.1
150.0
206.9
139.0
218.9
140.0
210.0
133.0
213.9
140.0
201.9
138.0