1189612.2
740.3
404.4
386.2
398.2
381.2
386.7
381.7
373.8
383.1
373.4
371.9
384.6
375.5
384.3
372.9
368.8
380.5
371.7
373.4
383.4
368.8
381.7
371.0
366.9
375.7
367.6
368.1
379.8
364.3
376.2
367.4
366.9
378.6
368.4
368.4
382.2
369.3
380.3
371.2
368.6
383.4
370.5
370.0
382.4
368.1
381.9
371.7
367.2
380.0
366.9
366.7
380.3
367.9
380.3
368.6
367.6
381.9
365.0
366.0
377.4
369.1
380.8
366.7
367.9
382.2
368.1
368.8
376.7
364.1
379.6
367.4
367.2
380.8
366.9
364.8
376.9
367.6
377.7
368.4
368.1
378.4
369.8
367.6
377.7
366.9
374.8
366.2
368.1
377.9
363.8
365.7
374.3
364.8
375.7
366.7
362.6
378.6
364.8
365.0
381.2
379.6
382.4
366.7
369.8
379.6
366.2
368.4
378.8
369.1
377.7
368.6
366.2
376.7
366.9
362.9
377.4
367.4
379.3
368.1
370.0
382.4
365.7
367.6
379.1
368.8
379.8
371.7
367.2
378.4
369.5
364.3
376.5
371.5
375.7
378.6
364.5
374.3
362.4
364.1
376.5
364.3
373.1
373.1
362.4
375.7
371.2
362.9
373.1
362.2
362.9
366.4
361.9
377.9
365.7
367.4
374.8
367.9
362.4
377.9
368.6
376.7
366.7
369.1
378.1
365.5
367.6
375.7
365.3
378.1
368.6
365.0
375.5
366.7
363.8
376.5
365.7
376.9
368.6
369.1
377.9
365.5
366.2
380.0
365.0
376.0
366.2
363.6
379.1
366.2
366.2
374.8
366.9
372.6
367.4
361.2
377.2
372.2
365.5
372.6
362.6
365.7
377.2
364.1
382.9
368.1
366.7
381.5
366.0
366.9
377.9
366.9
378.4
369.5
370.7
375.7
369.3
365.7
376.0
365.0
380.0
366.9
364.3
376.7
367.2
368.1
377.2
366.0
376.9
366.0
365.7
381.5
366.0
363.3
376.2
364.5
375.3
363.3
364.8
377.4
363.6
366.2
378.6
367.4
375.3
368.6
363.3
383.1
366.2
365.3
377.9
367.2
376.5
368.8
366.7
380.3
370.5
365.5
375.5
365.7
372.9
369.5
364.1
377.9
364.3
365.0
373.4
369.3
363.8
375.5
368.1
376.9
366.9
364.3
375.0
374.6
365.0
376.5
365.0
380.3
369.3
364.1
399.1
366.4
365.0
377.9
368.6
377.9
370.5
365.5
374.8
370.5
366.4
379.8
374.1
378.6
371.5
368.4
376.9
367.2