557257.9
2324014.9
352.9
1485685.1
5878.9
242.9
324.0
489.0
248.2
149.0
211.0
227.0
2955.9
139.0
134.9
135.9
140.2
134.9
132.1
140.0
136.1
126.8
134.9
134.0
127.1
134.9
132.1
134.9
251.1
151.9
209.1
139.0
221.0
140.2
201.9
144.0
214.1
139.0
204.8
139.0
222.9
138.0
201.9
139.0
217.0
141.1
214.8
138.0
215.1
139.0
204.1
140.0
213.1
133.0
203.1
139.0
215.1
148.1
203.8
139.0
211.0
138.0
204.1
145.0
217.0
139.0
212.2
139.0
216.0
141.1
205.0
129.9
214.1
140.0
213.9
139.0
212.0
140.9
201.9
139.0
227.0
131.8
203.1
139.0
213.1
140.0
216.0
139.0
214.1
139.0
202.2
141.9
240.1
133.0
201.9
137.8
213.9
148.1
209.1
132.1
211.0
140.0
201.0
139.0
218.2
140.0
207.9
139.0
217.9
140.0
203.8
139.0
221.0
139.0
212.0
140.2
213.9
131.8
202.9
139.0
224.8
141.9
207.2
139.0
211.0
148.1
203.8
140.0
219.8
140.9
204.1
150.0
214.1
140.0
203.1
140.9
237.0
140.9
201.0
132.8
212.0
140.0
210.0
137.8
217.0
132.1
210.0
140.9
227.9
140.9
202.2
140.9
218.2
140.0
206.0
139.0
233.9
140.0
205.0
143.1
217.0
140.2
202.9
140.0
214.8
140.9
204.1
134.0
215.8
137.8
213.9
139.0
216.0
139.0
201.9
138.0
228.2
140.9
202.9
140.2
212.9
140.9
216.0
140.0
217.0
140.0
209.1
147.1
216.0
140.9
203.1
140.0
221.0
139.0
206.9
140.2
212.0
134.0
210.0
140.0
218.9
145.2
201.9
136.1
222.9
142.1
211.0
139.0
218.2
143.1
210.0
139.0
222.0
140.0
210.0
143.1
218.9
139.0
203.8
139.0
235.1
140.0
203.1
131.1
217.9
139.0
217.0
145.0
217.0
149.0
205.0
132.1
234.1
140.9
203.1
132.1
213.9
139.0
214.8
137.8
216.0
140.0
204.1
145.9
212.9
145.9
202.9
139.0
222.0
147.1
203.8
139.0
212.9
136.9
201.0
140.0
220.1
140.9
201.0
139.0
217.0
134.0
203.8
140.2
216.0
139.0
216.0
139.0
212.9
137.1
201.9
139.0
228.9
137.8
202.9
139.0
212.2
150.0
208.1
140.0
216.0
138.0
201.9
140.2
237.9
139.0
201.9
140.0
228.2
140.0
206.9
130.9
213.1
138.0
209.1
138.0
218.9
140.9
202.2
138.0