575357.2
2387854.1
315.2
1428397.2
6021.0
248.0
344.0
547.2
249.9
150.0
230.1
232.0
3232.0
146.2
135.9
134.0
139.0
139.0
134.0
140.0
134.0
127.1
134.0
159.0
128.0
134.9
137.8
134.0
236.0
142.1
206.9
138.0
215.1
139.0
206.0
146.2
238.9
138.0
207.9
131.8
219.1
141.1
202.9
139.0
212.0
138.0
215.1
138.0
211.0
136.9
202.2
135.9
222.0
130.9
199.8
138.0
209.8
137.8
212.0
137.1
212.0
136.1
196.9
137.1
222.0
144.0
203.8
136.9
210.0
155.0
204.1
139.0
212.0
138.0
204.1
137.1
214.1
132.1
206.0
137.1
217.0
137.8
210.0
138.0
209.1
137.1
207.9
136.9
211.0
139.0
206.9
137.8
246.0
144.0
203.1
141.1
209.8
136.9
210.0
137.1
232.9
136.9
201.0
148.1
210.0
132.1
200.0
136.1
216.0
144.0
205.0
130.2
212.9
138.0
217.9
132.1
212.0
137.1
206.9
138.0
220.8
134.0
206.0
139.0
212.0
138.0
208.9
137.8
212.0
139.0
206.9
144.0
212.0
139.0
199.1
138.0
214.1
146.2
208.9
138.0
209.1
139.0
201.0
140.2
210.0
139.0
201.9
135.9
214.1
138.0
201.0
139.0
212.2
138.0
216.0
137.1
211.0
131.1
206.9
137.1
217.9
139.0
205.0
137.1
228.9
138.0
212.2
137.1
208.9
132.8
203.8
132.1
221.0
138.0
199.1
138.0
212.2
130.9
209.1
138.0
211.0
129.9
198.1
140.9
215.1
139.0
204.1
140.0
209.1
156.2
203.8
138.0
211.0
132.1
208.1
140.9
216.0
138.0
206.0
131.1
218.9
137.8
202.9
143.1
209.1
139.0
215.1
135.9
211.0
144.0
202.2
137.1
212.9
137.1
201.0
140.0
210.0
165.9
207.9
137.1
211.0
137.1
207.9
139.0
207.9
135.9
204.1
139.0
237.0
137.1
200.0
131.1
212.0
136.1
212.0
137.1
211.0
137.1
204.1
136.9
222.9
136.1
203.8
129.9
212.0
139.0
210.0
137.1
211.0
139.0
204.8
137.8
211.0
129.9
199.1
128.0
210.0
144.0
203.1
137.1
208.9
136.9
198.8
141.1
211.0
138.0
201.0
135.9
210.0
131.8
199.1
136.1
208.9
136.9
203.1
136.9
209.1
136.1
204.1
137.1
221.0
138.0
203.8
136.9
211.0
130.9
209.1
130.9
212.0
137.1
205.0
136.9
240.1
137.1
199.1
137.1
209.8
141.9
204.1
137.1