114604.9
12249.0
279.9
22906.1
4101.0
165.0
270.8
479.9
219.1
150.9
208.9
225.1
1918.8
156.9
135.2
128.0
133.0
134.0
134.0
139.0
139.0
135.9
134.0
139.0
133.0
134.9
138.0
140.9
227.9
135.9
206.0
139.0
215.1
149.0
207.9
138.0
209.1
139.0
203.1
145.9
216.0
131.8
202.2
138.0
222.0
132.1
205.0
137.1
214.1
136.9
212.2
131.8
216.0
139.0
201.9
137.1
221.0
139.0
205.0
129.9
214.1
137.1
217.0
136.9
237.0
138.0
209.1
146.9
214.1
141.1
201.9
137.1
213.1
148.1
205.0
137.1
212.9
139.0
204.1
141.1
213.9
139.0
202.9
137.1
225.1
140.0
201.9
136.9
215.1
139.0
212.9
139.0
219.1
139.0
206.0
148.1
216.0
136.9
203.1
137.1
216.0
150.0
204.1
137.1
213.1
138.0
212.9
139.0
213.9
132.1
201.9
136.9
211.0
140.2
206.9
138.0
213.1
139.0
216.0
140.0
214.1
139.0
202.9
139.0
225.1
140.2
200.0
139.0
236.0
134.9
207.9
139.0
211.0
136.9
203.8
151.9
221.0
140.0
201.9
138.0
214.1
153.1
207.9
130.2
215.1
140.0
210.0
139.0
211.0
140.0
203.1
138.0
220.8
138.0
206.9
138.0
215.8
136.9
213.1
131.1
216.0
140.0
208.1
149.0
216.0
141.1
201.0
138.0
211.0
149.0
211.0
138.0
219.1
139.0
205.0
146.2
207.9
138.0
212.0
131.1
212.9
140.2
201.9
138.0
214.1
139.0
219.1
138.0
215.1
132.1
204.1
138.0
242.0
140.0
207.2
138.0
212.0
139.0
208.1
129.9
212.2
136.9
206.0
148.1
213.1
140.0
209.1
129.9
213.9
140.2
206.0
136.1
213.9
138.0
211.0
134.2
212.0
137.1
208.1
137.1
222.0
139.0
200.0
138.0
214.1
138.0
227.9
139.0
212.2
138.0
202.9
133.0
210.0
138.0
205.0
139.0
214.8
145.9
204.1
131.1
213.9
137.1
206.9
146.2
215.1
138.0
201.9
137.8
211.0
139.0
206.0
139.0
214.1
137.1
206.0
138.0
233.9
130.9
206.0
139.0
219.8
138.0
205.0
137.1
212.9
138.0
231.0
130.9
212.0
135.9
201.9
130.9
217.2
132.1
208.9
131.8
213.1
141.1
201.0
135.9
212.9
138.0
204.1
147.1
213.9
137.8
206.0
136.9
214.1
141.1
207.9
137.8
214.8
139.0
210.0
135.9
212.0
138.0
205.0
138.0