989857.0
1887.1
1654.9
1602.4
1615.3
1606.0
1593.6
1601.9
1587.6
1573.6
1582.4
1579.0
1577.4
1576.9
1572.6
1564.3
1577.9
1599.6
1578.1
1575.9
1574.5
1590.3
1563.1
1571.7
1577.6
1562.1
1577.9
1566.6
1579.0
1573.6
1592.4
1573.8
1565.2
1570.7
1566.2
1580.5
1576.9
1588.1
1575.0
1563.5
1585.0
1573.1
1565.5
1579.0
1562.6
1575.0
1561.2
1579.3
1564.3
1591.9
1578.8
1559.0
1573.6
1558.5
1565.9
1562.4
1576.9
1636.0
1576.4
1574.8
1585.7
1563.8
1570.2
1558.3
1570.5
1562.4
1569.3
1561.2
1572.1
1581.2
1555.9
1573.1
1564.3
1572.4
1557.1
1581.0
1569.3
1565.2
1578.3
1550.4
1596.2
1565.0
1581.9
1574.3
1565.5
1579.8
1562.1
1569.7
1563.5
1578.3
1561.2
1565.2
1573.1
1580.7
1574.3
1565.2
1569.7
1566.2
1575.0
1611.2
1565.7
1578.1
1563.3
1552.3
1573.8
1571.9
1568.1
1566.4
1571.9
1570.7
1573.1
1575.5
1562.4
1574.8
1570.5
1575.0
1562.4
1560.7
1572.4
1562.4
1595.0
1560.7
1575.0
1581.7
1607.7
1586.7
1569.5
1583.6
1560.4
1574.0
1574.0
1567.8
1572.1
1566.4
1567.4
1558.3
1579.8
1565.5
1559.7
1572.4
1559.5
1564.0
1558.1
1571.7
1576.4
1558.8
1570.2
1567.4
1580.0
1572.4
1570.0
1563.5
1563.1
1568.8
1560.0
1562.1
1558.5
1574.5
1565.9
1567.4
1580.5
1565.2
1574.8
1561.4
1572.8
1575.0
1558.1
1575.9
1578.8
1562.8
1552.3
1573.1
1565.5
1554.7
1568.6
1571.4
1569.5
1564.0
1583.8
1596.7
1559.0
1572.1
1565.9
1571.2
1572.8
1568.1
1562.1
1578.1
1564.7
1575.2
1577.4
1567.1
1568.3
1574.0
1562.1
1569.5
1562.1
1569.3
1558.5
1567.1
1579.0
1553.8
1591.9
1573.6
1579.0
1574.5
1560.7
1574.0
1572.8
1580.7
1559.0
1565.0
1565.7
1557.4
1574.3
1559.3
1584.3
1560.9
1563.8
1560.9
1578.8
1582.6
1557.4
1574.5
1558.8
1568.3
1561.6
1560.0
1565.7
1561.6
1572.6
1559.7
1588.1
1552.6
1580.7
1581.7
1569.3
1591.4
1562.4
1580.7
1575.0
1565.7
1591.0
1554.0
1569.0
1782.9
1619.3
1581.4
1569.0
1576.4
1586.0
1570.9
1575.5
1562.1
1584.5
1591.4
1574.5
1574.8
1564.3
1575.7
1564.0
1592.4
1558.8
1588.6
1579.5
1571.9
1566.2
1576.4
1567.8
1567.1
1560.0
1568.6
1563.3
1571.2
1582.1
1572.6
1574.0
1563.8
1573.1
1567.1
1589.1
1562.8
1579.0
1573.3
1586.4
1578.3
1587.9
1570.0
1565.9
1568.3
1563.5
1580.0
1568.8
1573.3
1576.4
1572.4
1579.8
1579.3
1557.8
1582.1