1527.7
227.1
181.2
166.9
166.3
164.4
166.3
171.2
161.0
162.6
161.6
160.9
161.9
173.0
159.7
161.2
160.2
161.4
160.7
171.8
161.9
161.1
159.3
160.5
160.5
172.3
162.2
160.4
159.8
160.2
161.7
175.0
161.7
160.4
159.2
159.7
159.0
174.1
162.0
160.0
161.3
159.1
161.0
171.9
161.2
159.9
160.1
160.9
159.8
171.3
165.3
163.1
162.6
160.2
157.6
163.4
163.6
161.4
159.3
161.5
159.2
163.9
162.1
159.3
162.9
160.1
161.2
162.6
162.1
160.5
161.8
159.1
160.5
163.5
162.1
160.2
160.6
160.8
161.2
165.2
162.4
160.9
161.8
161.4
160.6
162.5
165.6
163.2
161.0
159.4
160.5
166.6
164.4
162.9
161.3
161.2
159.1
160.5
173.0
161.4
160.8
160.9
161.0
159.5
173.3
161.5
161.7
159.4
159.9
160.1
171.7
160.1
161.6
160.2
159.6
159.0
170.6
162.2
162.7
160.0
161.3
160.9
170.9
160.5
160.0
159.4
160.8
160.4
174.7
163.2
162.1
161.6
160.0
160.2
172.1
161.6
161.7
160.1
158.5
160.3
172.3
162.6
161.4
160.6
162.7
161.1
163.8
162.4
161.3
161.5
159.4
163.0
165.3
162.5
159.8
157.9
160.7
160.4
162.4
160.7
158.5
158.5
156.9
161.8
160.7
163.0
161.1
158.4
158.0
161.0
166.2
162.1
160.7
158.4
159.6
161.2
159.2
171.4
160.4
160.7
158.7
158.8
160.5
169.1
162.3
161.4
160.9
160.3
159.2
171.6
161.3
160.9
158.5
161.2
158.8
170.4
161.4
160.9
160.5
159.6
161.5
169.5
161.5
160.9
160.3
161.6
159.8
170.7
161.7
161.0
160.3
159.6
161.4
173.6
173.2
169.9
169.1
169.1
169.4
182.5
168.5
169.1
167.1
166.8
174.1
171.6
169.3
167.9
169.5
169.4
174.3
169.4
166.8
167.3
166.7
169.3
169.3
169.3
166.8
165.8
169.1
167.1
173.2
169.4
168.2
167.3
168.6
169.7
178.3
170.5
168.6
166.3
167.6
167.4
181.5
167.5
168.9
166.5
167.1
181.5
194.1
191.7
187.6
186.2
183.4
191.2
168.7
166.2
171.0
168.8
173.8
172.5
168.5
168.3
168.9
167.7
173.0
172.9
167.8
168.3
168.9
167.8
178.5
170.4
169.4
168.4
167.3
166.5
176.6
169.8
166.4
168.5
168.4
173.3
169.5
167.6
168.7
167.0
169.4
170.7