980860.7
1873.3
1641.8
1599.8
1605.5
1593.1
1580.2
1600.5
1569.7
1577.9
1577.9
1581.7
1563.1
1585.0
1576.7
1564.3
1592.4
1565.0
1569.7
1572.1
1577.4
1581.0
1563.8
1586.9
1581.0
1573.1
1583.8
1563.8
1577.9
1563.1
1572.4
1574.3
1583.1
1575.9
1564.0
1575.5
1560.7
1571.7
1574.3
1584.3
1574.8
1559.3
1585.2
1561.6
1566.6
1566.2
1570.0
1570.2
1562.4
1573.6
1563.1
1595.7
1616.7
1587.6
1582.6
1605.7
1588.1
1579.5
1615.3
1576.2
1578.1
1580.0
1571.2
1733.1
1596.2
1570.2
1591.9
1580.0
1570.9
1602.4
1570.9
1582.6
1559.7
1575.7
1568.6
1590.3
1592.9
1581.7
1576.2
1597.9
1578.1
1575.9
1562.1
1571.7
1564.3
1565.9
1583.6
1569.7
1572.6
1575.7
1569.5
1562.4
1570.0
1567.6
1565.0
1591.4
1565.7
1567.4
1561.4
1569.5
1576.7
1560.7
1580.7
1564.5
1565.9
1580.0
1578.8
1571.4
1562.1
1579.0
1655.1
1576.2
1574.0
1572.6
1597.9
1575.9
1575.2
1575.5
1580.5
1590.0
1573.8
1564.7
1576.9
1587.2
1579.0
1571.7
1578.3
1582.9
1576.7
1568.8
1585.0
1577.6
1577.9
1570.0
1564.7
1583.8
1559.3
1584.8
1575.2
1555.4
1578.3
1594.1
1578.6
1566.4
1553.1
1566.4
1563.8
1583.3
1560.2
1571.2
1605.3
1563.3
1575.2
1571.9
1572.4
1564.3
1563.8
1571.9
1567.4
1592.2
1567.6
1569.0
1562.6
1571.4
1575.5
1562.8
1580.2
1558.1
1582.6
1569.7
1568.6
1567.6
1563.5
1572.8
1557.4
1559.3
1561.9
1563.1
1564.7
1578.6
1569.3
1562.8
1570.0
1563.5
1580.2
1579.3
1567.8
1571.9
1561.2
1564.3
1566.9
1634.6
1574.8
1557.6
1571.4
1568.1
1567.8
1556.9
1580.0
1576.7
1570.5
1569.5
1564.0
1563.5
1571.7
1568.1
1585.7
1566.6
1585.0
1564.5
1573.3
1586.7
1561.6
1576.4
1560.0
1569.0
1557.1
1576.2
1574.0
1562.4
1571.2
1561.2
1600.3
1562.6
1578.3
1577.6
1565.2
1577.6
1561.4
1562.1
1565.9
1571.4
1592.6
1560.0
1568.1
1563.8
1571.9
1562.4
1574.0
1568.1
1561.2
1570.0
1578.6
1588.1
1581.2
1567.6
1577.6
1565.9
1571.9
1575.9
1559.3
1564.5
1569.3
1584.8
1558.8
1572.4
1573.6
1573.3
1599.3
1561.2
1578.1
1567.8
1574.5
1563.5
1578.8
1561.9
1557.8
1568.8
1563.1
1573.8
1556.4
1568.8
1574.8
1567.6
1578.6
1568.6
1582.9
1562.4
1577.1
1569.7
1559.0
1579.0
1558.5
1571.9
1553.1
1581.0
1578.6
1567.6
1587.9
1553.3
1571.2
1560.2
1568.8
1566.6
1569.5
1576.2
1581.7
1573.6
1561.2
1568.6