1547.5
212.4
185.3
172.5
164.9
163.9
160.5
161.1
158.8
164.1
161.2
159.3
159.4
159.9
159.4
162.0
163.4
159.5
159.5
158.9
159.1
163.3
161.4
159.1
159.2
157.7
157.7
169.0
163.7
161.3
159.1
158.4
173.1
196.4
185.6
180.7
176.5
161.9
162.6
164.7
162.0
159.4
157.6
159.1
161.3
164.2
162.3
159.9
160.4
157.9
159.9
161.2
160.7
161.5
160.2
159.5
159.5
166.1
161.3
158.5
158.7
159.2
158.1
188.6
202.3
187.0
180.9
165.4
164.0
173.4
165.5
164.1
163.8
163.7
163.2
200.3
187.4
177.9
163.2
159.4
168.9
164.2
160.1
158.8
159.5
169.0
192.1
180.0
177.3
173.6
160.7
159.7
168.7
165.7
162.8
158.9
161.8
160.3
165.6
164.1
161.2
161.9
158.5
161.3
167.3
163.3
159.6
161.6
160.0
160.8
161.9
163.3
159.4
160.4
160.3
160.1
162.2
162.5
160.0
159.3
160.7
158.9
161.3
169.5
162.5
159.4
159.4
158.8
166.7
163.9
161.9
161.3
161.4
162.4
161.0
166.0
160.8
159.4
156.9
159.3
161.1
171.8
159.8
159.7
160.1
160.4
160.6
170.7
164.1
158.7
159.4
160.8
163.0
170.7
161.1
160.6
157.8
160.0
159.1
171.9
161.6
161.4
158.0
159.4
158.7
160.6
163.1
160.4
160.2
160.0
159.3
163.3
161.4
161.0
158.8
160.1
159.1
158.8
162.5
158.6
158.9
158.1
158.6
159.8
160.2
158.8
158.1
160.4
159.5
160.2
168.6
159.7
159.1
159.9
159.9
158.3
170.8
159.3
158.5
158.0
159.3
159.4
166.8
159.7
159.4
160.4
157.6
158.6
165.9
161.6
161.6
160.2
158.5
157.2
164.7
162.4
160.3
160.7
160.4
157.9
161.0
160.8
160.3
159.6
159.9
157.8
165.6
162.6
158.9
161.8
159.6
158.6
165.2
160.7
159.1
160.3
161.8
158.8
161.6
167.9
158.6
159.2
158.2
157.8
158.4
172.3
160.2
158.8
158.0
157.3
161.3
170.4
159.4
161.2
158.0
159.6
159.5
175.0
161.6
160.2
160.1
158.5
158.2
163.4
163.0
161.1
158.2
159.9
160.0
163.4
162.7
161.4
161.1
160.8
161.3
159.7
160.6
159.7
159.9
158.2
161.8
165.4
159.3
159.6
157.3
158.4
157.6
168.0
164.3
160.1
160.6
160.8
161.6
159.0
170.6
160.3
157.6
158.4
161.0
158.5