506514.8
2325511.9
287.1
1430347.9
6052.0
239.1
325.0
486.1
247.0
162.1
246.0
248.0
2981.9
138.0
137.1
134.0
133.0
136.1
156.9
132.8
133.0
135.9
127.1
139.0
133.0
147.1
140.9
134.9
228.9
136.1
206.0
140.9
216.0
139.0
206.9
142.1
210.0
142.1
201.9
138.0
214.1
139.0
207.9
139.0
216.0
139.0
202.9
138.0
232.9
131.1
205.0
139.0
215.1
139.0
211.0
138.0
211.0
133.0
203.8
140.9
237.0
139.0
203.1
138.0
213.9
145.9
205.0
132.1
220.1
139.0
203.1
145.9
211.0
138.0
202.9
142.1
222.0
134.0
208.1
137.1
214.8
136.9
215.1
139.0
214.8
140.0
201.0
139.0
229.1
138.0
202.9
139.0
212.9
170.0
213.1
142.1
212.9
132.1
201.9
146.9
218.2
131.8
204.1
139.0
213.1
136.9
204.8
131.8
209.1
140.0
202.9
141.1
216.0
132.1
204.1
139.0
228.9
145.0
204.1
134.0
214.1
139.0
211.0
139.0
235.8
136.9
203.1
134.0
226.0
132.1
205.0
133.0
214.1
150.9
210.0
141.1
215.1
140.0
211.0
141.1
218.9
140.9
206.9
139.0
219.8
139.0
203.8
140.9
220.1
140.0
221.0
141.1
216.0
138.0
204.1
138.0
227.9
140.9
204.1
139.0
212.0
140.0
206.0
140.9
217.9
130.9
203.1
145.0
215.8
140.0
203.1
139.0
220.1
139.0
205.0
131.8
215.1
141.1
222.0
139.0
217.0
139.0
206.0
139.0
224.1
140.0
201.0
139.0
237.9
141.1
212.9
139.0
212.0
133.0
201.9
137.8
218.9
139.0
202.2
130.9
212.9
145.9
203.8
136.1
220.1
138.0
224.1
132.1
217.9
139.0
203.1
139.0
226.0
140.0
205.0
140.0
211.0
138.0
205.0
131.8
219.1
140.0
202.2
138.0
214.1
133.0
205.0
138.0
217.0
145.0
201.0
140.0
218.2
139.0
212.0
139.0
213.9
132.1
201.9
143.1
222.9
140.0
204.1
131.1
221.0
129.9
214.8
139.0
218.9
138.0
202.2
140.9
245.1
132.1
202.9
141.9
214.1
138.0
204.1
130.9
217.2
138.0
206.0
165.9
219.1
140.0
201.0
139.2
218.9
144.0
202.9
138.0
212.9
139.0
209.8
139.0
215.1
139.0
200.0
141.1
223.9
139.0
200.0
138.0
216.0
138.0
217.9
144.0
212.9
143.1
203.1
141.9
223.9
139.0
202.2
140.0
219.1
148.1
202.9
136.9