2417244.9
25605.0
469.7
237.2
211.0
204.8
201.5
200.3
199.8
205.0
198.6
199.3
197.4
195.5
203.8
196.7
197.2
196.9
193.1
201.0
198.6
192.9
192.2
194.3
193.8
196.7
196.9
194.3
196.9
193.6
194.8
194.5
193.6
195.3
196.2
196.2
194.5
194.8
191.7
194.1
197.6
197.2
195.7
194.5
194.8
197.6
195.3
194.8
194.3
194.8
195.3
194.1
191.9
193.1
193.6
235.1
194.5
194.8
194.5
194.8
194.5
193.8
193.8
193.4
194.1
201.7
192.2
192.2
191.9
193.4
202.7
193.8
194.3
194.3
193.6
201.5
192.9
191.7
193.4
190.7
199.3
192.6
193.4
190.7
191.9
201.0
194.3
193.1
192.2
192.2
200.7
193.8
191.7
193.1
194.3
200.3
193.6
192.4
192.2
193.4
191.9
191.9
192.6
192.2
191.5
191.0
194.8
192.2
191.2
193.4
199.6
194.5
193.6
191.5
190.5
191.2
201.9
191.0
191.2
191.9
194.8
202.9
194.1
190.7
193.6
194.8
204.1
193.8
193.8
211.2
194.5
200.3
194.8
194.1
192.6
191.7
207.7
192.4
191.9
194.3
191.9
200.0
192.9
192.4
191.0
190.3
199.8
192.6
190.5
192.2
190.0
190.5
193.8
190.7
191.7
190.3
191.5
195.0
191.9
192.9
191.0
190.7
194.1
193.1
193.4
193.1
192.2
199.3
190.3
191.2
190.5
190.7
202.7
192.4
190.7
191.7
192.2
201.7
192.9
191.5
193.8
192.6
199.3
191.5
192.2
191.0
190.7
199.6
194.5
195.3
192.9
191.7
198.6
194.5
191.5
192.6
190.3
190.5
194.5
190.5
191.5
193.1
193.1
193.8
192.4
191.7
191.5
189.8
199.8
190.3
191.0
189.8
191.5
200.3
193.4
192.4
190.7
191.2
201.5
191.0
191.0
191.2
191.0
200.3
191.7
191.2
190.3
190.7
198.4
192.9
191.0
190.3
190.3
189.8
190.7
189.1
188.6
191.7
190.0
194.8
193.1
191.0
190.5
192.4
201.9
191.7
191.7
194.1
195.7
202.4
191.9
192.4
191.9
191.2
200.5
190.5
191.5
193.1
191.9
201.7
192.9
192.9
192.4
192.2
197.6
191.7
190.0
190.5
189.5
196.0
192.9
191.0
189.5
191.0
191.5
194.5
191.7
192.6
191.9
191.0
194.8
191.2
190.5
189.3
191.5
200.7
192.4
190.7
192.9
190.5
202.2
191.9
191.2
196.9
192.4
203.4
195.0
192.9
191.7
191.9