3231893.3
616.6
397.0
375.3
375.7
347.9
346.4
353.3
346.2
344.3
366.2
352.9
356.7
349.0
343.6
355.0
340.5
342.6
350.2
339.0
338.1
357.6
340.5
337.4
349.0
341.4
342.4
345.7
341.4
339.7
346.9
335.0
336.2
345.5
336.2
343.6
337.1
334.0
345.2
347.1
344.3
353.3
338.8
337.8
349.0
335.2
339.3
350.0
336.4
335.5
347.9
338.8
342.4
356.2
340.7
338.3
349.0
341.9
337.4
345.9
335.7
336.9
347.1
331.6
334.5
345.2
332.8
340.5
335.9
333.1
347.1
338.3
334.0
343.8
338.8
336.4
349.3
338.3
335.2
345.9
338.1
335.7
344.0
337.4
333.1
344.8
341.7
336.2
345.0
345.0
335.9
343.3
333.5
334.3
346.7
335.5
333.8
345.9
338.6
337.8
346.9
337.1
335.7
346.7
339.5
347.6
337.8
346.2
351.0
337.1
336.4
377.9
342.4
339.0
347.1
337.6
338.6
347.4
336.6
335.7
362.2
345.0
336.4
342.4
335.7
336.4
346.7
335.9
334.5
370.3
341.4
363.1
338.8
335.5
347.6
335.9
334.3
345.5
337.8
337.8
345.5
336.6
333.3
348.6
333.3
332.6
342.4
333.1
333.5
342.4
331.9
334.7
347.1
334.5
331.9
342.1
335.2
337.6
343.8
340.2
339.5
344.5
337.4
335.5
344.5
335.5
344.8
346.9
334.5
334.0
343.8
334.5
340.7
340.9
334.7
342.8
335.2
337.4
346.2
334.0
335.2
343.1
335.0
331.9
343.1
336.4
337.1
344.3
331.2
333.3
349.0
333.3
334.3
343.3
335.2
331.4
340.9
333.1
333.3
345.0
336.4
336.6
344.8
333.3
334.3
344.0
337.1
337.6
344.8
335.7
333.8
347.1
338.6
337.6
343.6
333.3
335.5
337.4
336.2
344.8
338.8
339.7
341.4
338.6
333.1
345.0
337.1
351.7
355.5
345.2
337.6
351.9
336.6
341.4
349.8
334.7
331.6
341.9
336.2
334.0
340.2
332.6
334.3
345.0
337.6
335.2
342.4
338.3
332.4
341.4
332.1
332.1
345.0
333.3
334.5
345.9
332.6
340.0
337.6
335.7
343.6
339.5
334.7
343.1
338.1
335.2
349.3
335.2
334.7
347.9
335.2
334.5
344.3
336.6
333.1
345.5
334.3
336.9
344.8
332.8
333.1
345.9
332.8
334.3
345.5
333.8
331.2
345.0
334.0
331.9
344.0
334.0
334.3
343.8
335.2
334.0
342.4
333.8
333.5
369.3