42823.0
899.7
242.6
222.0
204.5
205.0
205.8
202.5
193.9
192.7
165.1
163.0
162.3
168.7
166.2
162.3
161.5
161.4
161.2
162.9
162.9
162.7
162.8
160.5
159.9
170.3
163.5
162.5
160.9
161.9
162.3
165.9
165.7
161.9
159.7
163.0
160.1
164.1
162.3
159.9
161.3
162.1
165.9
163.9
163.3
162.7
160.6
160.4
160.0
166.1
161.6
160.1
163.5
163.7
162.1
161.0
170.1
161.7
160.1
160.1
164.4
160.9
177.7
163.5
160.9
163.6
159.7
161.4
168.9
160.4
161.1
160.3
160.4
161.1
174.1
161.9
162.1
160.4
161.5
162.1
170.5
162.2
163.0
161.2
159.7
160.4
169.0
161.3
161.9
162.3
160.2
160.5
170.1
161.8
162.4
158.2
159.8
161.7
174.7
163.4
162.7
161.6
158.7
160.8
171.2
163.4
160.4
160.8
161.1
159.5
170.0
159.8
161.6
161.3
160.7
161.1
163.2
162.8
161.4
160.3
160.0
165.5
164.3
161.3
160.5
158.7
160.3
162.4
164.9
162.3
160.0
160.0
160.1
161.0
162.5
163.9
162.1
159.8
158.9
159.2
161.8
161.3
160.0
164.6
159.3
160.3
162.8
161.2
160.0
159.0
159.4
160.2
158.5
168.3
161.0
161.3
161.7
161.3
158.9
169.2
159.5
161.2
161.0
162.3
161.8
174.1
159.5
159.1
164.3
159.4
160.0
168.4
164.8
160.1
160.3
159.7
158.4
168.0
158.8
160.3
157.0
159.1
158.8
164.5
162.8
158.5
159.1
158.9
157.9
161.5
161.4
159.1
160.5
159.9
158.5
160.5
166.4
159.5
160.8
159.7
157.6
167.8
180.1
176.2
177.1
176.4
176.1
180.0
172.7
173.4
172.9
159.9
160.9
166.0
160.4
159.3
159.2
156.5
158.5
164.9
159.8
161.2
159.1
159.9
158.8
162.3
161.5
161.1
157.7
164.3
161.3
162.3
163.8
159.6
159.1
160.1
161.3
159.7
163.6
161.5
160.1
159.2
159.8
162.4
160.4
162.7
158.8
157.8
160.4
164.3
162.8
162.8
161.4
160.4
164.9
166.0
163.3
166.1
158.7
160.4
158.9
158.2
169.7
157.9
158.5
161.2
158.8
157.4
170.1
161.0
163.1
161.5
158.5
160.4
198.9
163.3
159.9
158.7
161.6
165.6
169.7
158.8
159.8
160.1
161.4
158.4
169.3
161.7
159.2
159.7
157.4
159.4
170.4
160.3
159.8
158.9
158.0
159.7
161.5
161.9