mode           var   k          n  steady_us   warm_s launch  graphs breaks compiled_in_timed
eager            0   1    1000000      113.3    0.006 3.005000                0
fused            0   1    1000000       40.5    0.372 1.000000                0
nojit            0   1    1000000      113.3    0.005 3.005000                0
torch-compile    0   1    1000000       42.7    0.434      1       0        0
torch-eager      0   1    1000000       78.6    0.038     -1      -1        0
eager            0   2    1000000      226.4    0.008 6.005000                0
fused            0   2    1000000       40.5    0.373 1.000000                0
nojit            0   2    1000000      226.4    0.008 6.005000                0
torch-compile    0   2    1000000       42.9    0.440      1       0        0
torch-eager      0   2    1000000      156.8    0.039     -1      -1        0
eager            0   4       1000       79.0    0.002 12.005000                0
fused            0   4       1000       14.3    0.373 1.000000                0
nojit            0   4       1000       78.7    0.001 12.005000                0
torch-compile    0   4       1000       41.9    0.441      1       0        0
torch-eager      0   4       1000       54.3    0.037     -1      -1        0
eager            0   4      10000      138.3    0.003 12.005000                0
fused            0   4      10000       15.0    0.375 1.000000                0
nojit            0   4      10000      137.2    0.003 12.005000                0
torch-compile    0   4      10000       41.9    0.442      1       0        0
torch-eager      0   4      10000       55.2    0.037     -1      -1        0
eager            0   4     100000       70.3    0.019 12.005000                0
fused            0   4     100000       15.0    0.377 1.000000                0
nojit            0   4     100000       70.3    0.017 12.005000                0
torch-compile    0   4     100000       43.3    0.445      1       0        0
torch-eager      0   4     100000       56.1    0.038     -1      -1        0
eager            0   4    1000000      452.5    0.013 12.005000                0
fused            0   4    1000000       51.6    0.375 1.000000                0
nojit            0   4    1000000      450.6    0.012 12.005000                0
torch-compile    0   4    1000000       69.0    0.442      1       0        0
torch-eager      0   4    1000000      312.4    0.042     -1      -1        0
eager            0   4   10000000     4125.5    0.083 12.005000                0
fused            0   4   10000000      422.7    0.385 1.000000                0
nojit            0   4   10000000     4125.1    0.083 12.005000                0
torch-compile    0   4   10000000      646.0    0.458      1       0        0
torch-eager      0   4   10000000     3045.4    0.097     -1      -1        0
eager            0   8    1000000      903.2    0.021 24.005000                0
fused            0   8    1000000       82.9    0.378 1.000000                0
nojit            0   8    1000000      904.7    0.021 24.005000                0
torch-compile    0   8    1000000      133.4    0.453      1       0        0
torch-eager      0   8    1000000      622.9    0.050     -1      -1        0
eager            1   4      10000      139.6    0.004 12.150000                0
fused            1   4      10000       15.1    0.750 1.000000                0
torch-compile    1   4      10000       81.9    0.697      1       0        0
torch-eager      1   4      10000       55.9    0.036     -1      -1        0
eager            1   4    1000000      458.2    0.013 12.150000                0
fused            1   4    1000000       53.3    0.752 1.000000                0
torch-compile    1   4    1000000      308.2    0.687      1       0        0
torch-eager      1   4    1000000      317.3    0.043     -1      -1        0
eager            2   4      10000      138.8    0.004 12.150000                0
fused            2   4      10000       15.5    0.752 1.150000                0
torch-compile    2   4      10000       81.9    0.692      1       0        0
torch-eager      2   4      10000       56.4    0.039     -1      -1        0
eager            2   4    1000000      458.1    0.013 12.150000                0
fused            2   4    1000000       57.5    0.755 1.150000                0
torch-compile    2   4    1000000      308.2    0.697      1       0        0
torch-eager      2   4    1000000      317.3    0.043     -1      -1        0
eager            3   4      10000      159.6    0.004 14.005000                0
fused            3   4      10000       49.7    0.749 2.000000                0
torch-compile    3   4      10000      117.1    0.703      2       1        0
torch-eager      3   4      10000       86.3    0.039     -1      -1        0
eager            3   4    1000000      516.5    0.014 14.005000                0
fused            3   4    1000000      111.3    0.754 2.000000                0
torch-compile    3   4    1000000      169.9    0.698      2       1        0
torch-eager      3   4    1000000      376.7    0.042     -1      -1        0
eager            4   4      10000      139.9    0.004 13.005000                0
fused            4   4      10000       16.3    0.748 1.000000                0
torch-compile    4   4      10000       85.2    0.686      1       0        0
torch-eager      4   4      10000       59.8    0.036     -1      -1        0
eager            4   4    1000000      493.2    0.014 13.005000                0
fused            4   4    1000000       64.3    0.752 1.000000                0
torch-compile    4   4    1000000      333.0    0.705      1       0        0
torch-eager      4   4    1000000      343.2    0.041     -1      -1        0
eager            5   4      10000      140.7    0.004 13.005000                0
fused            5   4      10000       17.0    0.374 1.120000                0
torch-compile    5   4      10000       85.3    0.755      2       1        0
torch-eager      5   4      10000       59.7    0.037     -1      -1        0
eager            5   4    1000000      493.2    0.014 13.005000                0
fused            5   4    1000000       68.7    0.379 1.120000                0
torch-compile    5   4    1000000      333.6    0.769      2       1        0
torch-eager      5   4    1000000      343.0    0.042     -1      -1        0
eager            6   1      25600      314.8    0.008 6.005000                0
fused            6   1      25600      300.9    0.368 3.000000                0
nojit            6   1      25600      314.8    0.008 6.005000                0
torch-compile    6   1      25600      390.9    1.766     -1      -1        0
torch-eager      6   1      25600      386.6    0.254     -1      -1        0
eager            6   1     256000     1042.4    0.025 6.005000                0
fused            6   1     256000     1064.9    0.384 3.000000                0
nojit            6   1     256000     1065.3    0.025 6.005000                0
torch-compile    6   1     256000     1269.5    1.745     -1      -1        0
torch-eager      6   1     256000     1256.1    0.290     -1      -1        0
eager            7   1      25600      740.4    0.016 26.000000                0
fused            7   1      25600      712.2    0.016 18.000000                0
nojit            7   1      25600      743.4    0.016 26.000000                0
torch-compile    7   1      25600      839.5    1.745     -1      -1        0
torch-eager      7   1      25600      793.7    0.278     -1      -1        0
eager            7   1     256000     2902.0    0.063 26.000000                0
fused            7   1     256000     2862.5    0.063 18.000000                0
nojit            7   1     256000     2903.4    0.063 26.000000                0
torch-compile    7   1     256000     3054.1    1.819     -1      -1        0
torch-eager      7   1     256000     3083.2    0.338     -1      -1        0
